2000989444404
2000999198267
2001880483998
2001880197550
2001880751264
2001880751356
2000761582683
2000009754162
2000999976728
2001880609138
2000999977220
2001880351631
2001880164200
2001880164132
2001880164194
2001880164040
2001880163982
2001880164231
2001880164248
2001880164316
2001880164835
2001880163814
2001880163999
2001880351969
2000761587381
2001880708534
2001880544279
2001880544279
2001880777158
2001880512797
2001880557613
2000998851705
2000130043531
2001880194849
2001880163586
2001880163593
2001880163708
2001880163722
2000999253171
2001880169304
2001880463501
2000290190489
2000999967313
2001880609923
2001880195631
2000999977558
2000999367847
2000999542022
2000999976599
2001880709425
2000999126710
2000999000973
2000999352409
2001880879302
2001880855894
2001880370281
2000999845994
2000999846038
2001880788888
2001880788888
2000999179013
2000999179013
2000999972690
2000999972690
2000999178993
2000999178849
2000999846007
2001880863547
2001880166792
2000130614106
2000999654039
2001880408137
2000290165661
2000130838397
2000129957856
2000999275135
2000290453393
2001880408175
2001880408168
2001880408182
2001880408151
2000222269528
2000130676036
2000762777200
2000761568717
2000762956988
2000762954687
2000762777149
2000999884931
2001880801419
2000130561721
2001880347870
2001880776243
2001880396823
2001880692406
2001880828997
2001880829109
2001880829017
2001880380358
2000989393825
2001880448348
2001880186646
2000999672002
2000031777016
2000999021497
2001880721694
2001880689185
2000761415691
2000766177297
2000766177280
2000989726579
2000290286267
2000999251016
2001880828089
2000761597656
2001880186677
2001880821219
2000222624174
2000765800936
2000999660382
2000999013621
2000999013638
2000290409468
2000761450524
2001880785016
2001880638473
2001880687143
2001880796777
2001880796777
2001880796791
2000999987632
2000999406386
2000999348785
2000999819148
2000999406393
