2001880832314
2001880709388
2001880609664
2001880609657
2000761464156
2000761364869
2000761525826
2000999278563
2001880365232
2001880876080
2001880838637
2001880364747
2001880364747
2001880146596
2001880146596
2001880365218
2001880875632
2001880875731
2001880609763
2001880838699
2001880365126
2001880609756
2001880365126
2001880195327
2001880195327
2001880194955
2001880364754
2001880365133
2001880365133
2001880579073
2001880364716
2001880364716
2001880609060
2001880609060
2000999985973
2001880609794
2001880366536
2001880366543
2001880800467
2001880609787
2000999985966
2000999985966
2001880579011
2001880367595
2001880557453
2001880609077
2001880609077
2001880146855
2001880800474
2001880800474
2001880178924
2001880364600
2001880178924
2001880609107
2001880364570
2001880364570
2001880876059
2001880196270
2001880366574
2001880364907
2001880580000
2001880838743
2000999985874
2001880609770
2001880876073
2001880876103
2000999985904
2001880876318
2001880609435
2001880875656
2001880875656
2001880838750
2001880876042
2001880838767
2001880876011
2001880557385
2001880875663
2001880863004
2001880162909
2001880162886
2001880162954
2001880162954
2001880162954
2001880162831
2001880162855
2001880162916
2001880162923
2001880163029
2001880163012
2001880162879
2001880163067
2001880163081
2001880163067
2001880163081
2001880163098
2001880163050
2001880364723
2001880865527
2001880146602
2001880146602
2001880365201
2001880365201
2001880838682
2001880609558
2001880365119
2001880364891
2001880846564
2001880609268
2001880578670
2001880876271
2001880838668
2001880876097
2001880364723
2001880364723
2001880364761
2001880364761
2001880834134
2001880834134
2001880834141
2001880863349
2001880863349
2001880863349
2001880863349
2001880863325
2001880863325
2001880863387
2001880863387
2000290190557
2000290190557
2001880863363
2001880863363
2001880863356
2001880863356
2001880863356
2001880863356
2001880834158
2001880863370
2001880863370
2001880834110
2001880834110
2001880863318
2001880863318
2001880863295
2001880863295
2001880863295
2001880863295
2001880863301
2001880863301
2001880863301
2001880863318
2001880163302
2001880163302
2001880163319
2001880163371
2001880163371
2001880163371
2001880163555
2001880163715
2001880163562
2001880163166
2001880163159
2001880163159
2001880163180
2001880163173
2001880163203
2001880163227
2001880163210
2001880163210
2001880163258
2001880162756
2001880163739
2001880163760
2001880163494
2001880163289
2001880163531
2001880163500
2001880163784
2001880163746
2001880163555
2001880163593
2001880163784
2001880163715
2001880163500
2001880163319
2001880163326
2001880163401
2001880163586
2001880163623
2001880163685
2001880163685
2001880163678
2001880163722
2001880162749
2001880163777
2001880163531
2001880163692
2001880163180
2001880162770
2001880162763
2001880163746
2001880162800
2001880163395
2001880164835
2001880164835
2001880164828
2001880164828
2001880164828
2001880164828
2001880164842
2001880164842
2001880164842
2001880164842
2001880164866
2001880164873
2001880164873
2001880163876
2001880163876
2001880163845
2001880164682
2001880164682
2001880164675
2001880164675
2001880164675
2001880164668
2001880164668
2001880164668
2001880164668
2001880163883
2001880163876
2001880164682
2001880163814
2001880163869
2001880163869
2001880163807
2001880163838
2001880163845
2001880163838
2001880163791
2001880163791
2001880162817
2001880162800
2001880162817
