2000130885827
2000290178111
2000290545517
2000130737171
2000130885834
2000130039602
2000130049410
2000130036908
2000130042831
2000130038513
2000130043722
2000766201039
2000290528053
2000290467369
2000290467369
2000290467369
2000222269962
2000761553836
2000222626031
2000761535559
2000222382395
2000130040806
2000130042763
2000130039176
2000130049069
2000762946729
2000130042275
2000222436524
2000130734934
2000761669506
2000130043609
2000130777887
2000222290010
2000130036533
2000130174105
2000130042824
2000130256955
2000762901179
2000290291964
2000222625645
2000130912707
2000222625652
2000222625669
2000761561022
2000762696747
2000130048536
2000130667560
2000761453006
2000761364609
2000762957084
2000130919720
2000762950986
2000130039381
2000766201152
2000222383514
2000130046631
2000761356604
2000130366814
2000290297157
2000761416841
2000222275345
2000761452573
2000130677071
2000761641892
2000009649499
2000222647357
2000761522016
2000222351926
2000129804853
2001880427893
2000766034972
2001880164538
2001880164538
2001880164538
2001880164538
2001880164521
2001880164606
2001880164606
2001880164613
2001880164620
2001880164583
2001880164583
2001880164606
2001880164613
2001880164620
2001880164576
2001880164590
2001880164583
2001880164613
2001880164576
2001880164804
2001880164811
2001880164811
2001880164804
2001880164491
2001880164552
2001880164736
2001880164736
2001880164774
2001880164743
2001880164774
2001880164750
2001880164705
2001880164705
2001880164705
2001880164651
2001880164699
2001880164699
2001880164699
2001880164729
2001880164798
2001880164309
2001880164309
2001880164293
2001880164286
2001880164293
2001880164286
2001880164286
2001880164286
2001880164323
2001880164330
2001880164354
2001880164903
2001880164385
2001880164903
2001880164903
2001880164392
2001880164392
2001880164392
2001880164248
2001880164248
2001880164330
2001880164330
2001880164330
2001880164378
2001880164378
2001880164903
2001880164415
2001880164422
2001880164439
2001880164422
2001880164453
2001880164460
2001880164477
2001880164477
2001880164484
2001880164484
2001880164507
2001880164514
2001880164514
2001880164064
2001880164064
2001880164064
2001880164064
2001880164088
2001880164095
2001880164095
2001880164149
2001880164149
2001880164163
2001880164187
2001880164187
2001880164187
2001880164194
2001880164194
2001880164224
2001880164224
2001880164262
2001880164262
2001880164262
2001880164262
2001880164231
2001880164231
2001880164248
2001880164057
2001880164057
2001880164187
2001880163890
2001880163890
2001880163944
2001880163944
2001880163906
2001880163913
2001880163913
2001880163913
2001880163913
2001880163890
2001880163968
2001880163968
2001880163968
2001880163968
2001880164040
2001880164040
2001880164040
2001880163975
2001880163975
2001880163975
2001880163975
2001880163999
2001880163999
2001880163999
2001880164033
2001880164002
2001880164002
2001880164002
2001880164002
2001880164019
2001880164200
2001880164200
2001880164071
2001880164071
