2000762961050
2000999976445
2000998924379
2000761706102
2000765995984
2000999623028
2000766002032
2000761422859
2000762842724
2000762895645
2000989433897
2000761706102
2001880745737
2001880783135
2000999268274
2001880364853
2001880658228
2000999359521
2000999111600
2000999111600
2001880245657
2001880891694
2001880684357
2001880469374
2000989707660
2001880463259
2001880463266
2000999539350
2000999623004
2000766003381
2001880609848
2000762686304
2000762686304
2000999976230
2000761664563
2000999051074
2000999020681
2000999267567
2001880544811
2000999267222
2001880609831
2001880609831
2001880862984
2001880862984
2001880862984
2001880862984
2001880862984
2001880862984
2001880862984
2000999053559
2000999053559
2000999177743
2000999280665
2000999672545
2000999672545
2000999451232
2000999451232
2000999451232
2000999672545
2000999672545
2000999672545
2000999672545
2000999503528
2000999784729
2001880770807
2000998834067
2000999456992
2000998989347
2001880770838
2001880770821
2001880770814
2001880783197
2001880783197
2001880783197
2001880783197
2001880575198
2001880575198
2001880783180
2001880783180
2001880783180
2001880783180
2001880783180
2000999686870
2000766232422
2001880458491
2001880473043
2000999812057
2000999278709
2001880865503
2001880804526
2001880522406
2000999816017
2001880394546
2000999673955
2001880891670
2000222268187
2000222268187
2001880754029
2001880754029
2000999267109
2000290374421
2000989378044
2001880365546
2001880365546
2000999126635
2000998925499
2000998925505
2001880735479
2000999876257
2000998844738
2001880858680
2001880858680
2001880858697
2001880858697
2000999049651
2000999463198
2001880394591
2000999050282
2000989390961
2000999050305
2000130883465
2000762776821
2000762776821
2001880265099
2001880265099
2001880265099
2000762867130
2001880199196
