2000766004562
2000766230343
2001880733987
2001880733987
2000762894037
2000762894037
2001880834301
2000130377896
2000130377896
2000761415202
2001880128448
2000998840211
2000999053191
2001880733970
2001880733987
2001880733970
2001880149412
2000999985768
2000999985768
2000999816109
2000999816109
2000761355355
2000765797144
2001880457678
2000290314953
2000762865235
2001880544798
2001880864421
2001880864421
2001880865534
2001880744815
2001880441417
2001880199165
2001880199295
2001880863028
2001880245237
2000999705496
2001880801037
2000999350504
2001880366840
2001880245244
2001880245244
2000999963087
2000999254352
2001880463334
2001880387029
2001880168826
2001880387012
2000999704765
2001880892233
2000999850219
2000999850202
2001880408229
2000999179266
2000999959752
2000999704697
2001880245312
2001880649714
2001880573385
2000999494543
2000999704901
2000999704901
2000999704895
2000999704864
2001880245312
2000999173912
2000989320418
2000130761602
2000762776739
2000999090158
2001880515231
2000765801834
2001880457814
2000999628443
2001880149436
2001880523229
2001880837098
2001880837098
2001880366833
2001880515248
2000999707902
2001880804663
2000761537461
2000989693574
2000766004609
2000766004609
2000766004609
2000998822231
2000761582928
2001880794322
2000989714675
2000761582942
2000989475361
2000989693550
2000766081181
2001880863110
2001880733925
2000989475330
2000999494284
2001880733925
2000009754155
2000999864810
2000009754162
2000290258691
2000761582683
2000761582683
2000009756296
2000222620046
2000999494598
2000009756289
2000222620046
2000009756289
2000999978364
2001880709241
2001880832369
2000999625572
2001880749780
2000766070550
2000999002564
2000998944698
2000998944322
2000989442813
2001880284410
2001880669309
