2000290465631
2000290465631
2000290543094
2001880875847
2000762770584
2000762770584
2001880367243
2001880735387
2001880743658
2000290426670
2000290426670
2000999447211
2000999876530
2000999876516
2001880831478
2000290190250
2001880559044
2000999978081
2001880810299
2000999373855
2000999951091
2000290466065
2000222539287
2001880708589
2000009648683
2000765941646
2000999126598
2000129790095
2001880463228
2001880463235
2000761436382
2000290466058
2000130848105
2000130848112
2000290412130
2000765963464
2000998994358
2000762673953
2000222542164
2001880394478
2000129772305
2000129990587
2000222469577
2000130932385
2000130932385
2000009626698
2000222378473
2000222378473
2000999100260
2000999100260
2000989727118
2000999986314
2000989441281
2001880874321
2001880146954
2001880736537
2001880864292
2001880147753
2001880748493
2001880365928
2001880197369
2001880736001
2001880146381
2001880484339
2001880737152
2000998969844
2000998873516
2000290466072
2000290466072
2001880579226
2000999708923
2001880150029
2000999708923
2001880196812
2000999708954
2001880756962
2001880800801
2001880403743
2000222625560
2000290177510
2000290177510
2000290177510
2001880748448
2001880710629
2000999986222
2001880580055
2000999049903
2000222240312
2001880472282
2000222287058
2001880736612
2001880671128
2000989458142
2000765706788
2000999864612
2000999864612
2000130839271
2001880148491
2000762865204
2001880609954
2001880394560
2001880609961
2000129994554
2000129994554
2000129994554
2000009695083
2000290325904
2000129990730
2000130947426
2000290415292
2000290415292
2000130737560
2000009743760
2000009616774
2000761386243
2000290291834
2000009617702
2000009646849
2000129986368
2000762832589
2001880196430
2001880469275
2000999876219
2001880609947
2000761640246
2000762676305
2000762900714
2000762770683
2000290297447
2000989377832
2000999986215
2000762976757
2000761356079
2000009693157
2000129987723
2000290208443
2000761429681
2001880406843
2000989711957
2000761626493
2000761640246
2000999966958
2000999966958
2000762865426
2001880178078
2000999174865
2001880468674
2001880788857
2001880798375
2001880798375
2000129914095
2000762977310
2000762956933
2000999277467
2000222645827
2000222645827
2000129777348
2000129777348
