2000999663284
2000222528311
2001880658396
2001880837418
2000999496103
2000762870758
2000762898356
2000009646979
2000130389820
2000999168376
2000998994662
2000999812071
2001880689000
2000766232804
2001880227127
2001880227127
2000762763739
2000761698742
2000999082849
2000222281278
2000130667386
2000130367361
2000130367361
2000999887116
2000999268007
2001880394751
2001880458378
2001880544910
2000999126697
2000999126697
2001880544590
2001880544590
2001880558498
2001880457753
2001880328275
2001880328275
2000290466973
2001880522468
2001880522468
2001880522468
2001880522468
2000999450150
2000999664793
2000999345449
2000999816093
2000999353901
2000999177989
2000999051357
2000999051357
2000998924843
2000999977817
2000999664786
2000999664786
2000761571649
2000999353574
2000766248577
2000766248119
2000766248119
2000766232781
2001880800870
2000989453604
2000222498584
2000222498584
2000989378372
2001880716966
2000998928162
2000762870543
2001880573064
2001880284557
2001880186011
2001880186011
2000999406836
2000999406836
2000222504186
2000761712561
2000290544381
2000761430120
2000999814006
2000999814013
2001880874475
2001880797064
2000761639615
2000989453628
2000999177828
2000989453611
2000761437068
2000999986123
2001880197604
2000999986086
2000999447242
2000999634543
2000989390817
2000999373848
2000130886213
2000130886213
2000290295719
2000998844820
2000999390531
2000290426663
2000290426663
2000290426663
2000290426663
2000290426663
2000290426663
2001880142260
2000999100758
2001880367557
2000999986031
2000765870359
2001880804489
