2000290296525
2000130190099
2000130777498
2000222385761
2000130885025
2000130825618
2000129766496
2000129762320
2000130190099
2000130190099
2000129763389
2000222507125
2000290296525
2000290279610
2000290524505
2000290357424
2000290357417
2000761416179
2000129754615
2000129754073
2000222382722
2000290198485
2000129766496
2000129772978
2000129770318
2000290524321
2000129762320
2000290381559
2000129770318
2000290322903
2000290249361
2000129766496
2000761405593
2000222275857
2000222274782
2000290441000
2000290237290
2000290168853
2000761713377
2000290314489
2000222281315
2000290290905
2000761634849
2000290338355
2000761416933
2000761416933
2000130923246
2000762960497
2000290441000
2000290381504
2000222271286
2000290399868
2000761452757
2000222275857
2000222274782
2000222274782
2000761670281
2000222275857
2000222261546
2000761527677
2000761527677
2000761670670
2000761405593
2000989506652
2000761355645
2000290246339
2000130633640
2000290387650
2000130947655
2000761524591
2000222414829
2000290168792
2000290418873
2000290467468
2000222527383
2000129988768
2000761355645
2000761713612
2000761589729
2000130947655
2000290387896
2000761355669
2000290273373
2000130932361
2000762833142
2000222469461
2000761527660
2000129752703
2000761356802
2000009741100
2000222238357
2000130777580
2000290388893
2000290388893
2000290314489
2000761711908
2000290400465
2000290314489
2000290314489
2000290466270
2000290388893
2000290388893
2000290297003
2000761360489
2000222288109
2000222288109
2000290421194
2000290344776
2000761356833
2000290344769
2000761356833
2000222632681
2000761698971
2000290544510
2000222238357
2000290419177
2000130777580
2000130777580
2000761356826
2000290419184
2000222622163
2000290467499
2000290364095
2000290262186
2000761634849
2000761634849
2000222469621
2000222360997
2000222360997
2000290262643
2000761569349
2000290524406
2000290279603
2000290279603
2000290357592
2000290262186
2000290262186
2000290467505
2000290467505
2000290467505
2000290466287
2000290338249
2000290338232
2000761670298
2000290381597
2000290530278
2000762671416
2000761371881
2000290364576
2000761614148
2000222360720
2000222382838
2000761698971
2000761698971
2000290466317
2000761464071
2000761464071
2000009644944
2000290228786
2000290228793
2000222622187
2000761521996
2000761569363
2000290435085
2000290435085
2000290297225
2000761568663
2000762671850
2000761416230
2000290467529
2000290467529
2000762833159
2000762833159
2000762833159
2000761713377
2000290467529
2000761435781
2000290297034
2000761416261
2000290193305
2000290297379
2000761435781
2000761699008
2000761527448
2000290400502
2000290261592
2000290338492
2000222288147
2000290260397
2000290264760
2000290537758
2000130923321
2000761416254
2000290450996
2000290260397
2000290260397
2000761437099
2000290450996
2000222455495
2000222455495
2000222275864
2000222275864
2000222436982
2000290450996
