2000762751842
2001880747144
2000222437330
2001880744501
2000129986955
2000129986061
2001880864940
2001880865183
2001880865015
2001880865022
2001880864988
2001880864995
2001880865008
2001880865046
2001880865053
2001880865060
2001880865176
2001880864926
2001880864933
2001880865121
2001880865039
2001880865138
2001880864902
2001880864919
2001880865114
2001880865107
2001880865091
2001880864896
2001880864964
2001880865084
2001880864971
2001880865169
2001880864957
2001880865077
2001880736599
2000129974884
2000130771007
2001880838590
2000129774651
2000761422484
2000129974730
2000222496597
2000129753045
2000129975171
2000129974648
2000129974334
2000129754905
2000129861696
2000130003658
2000762842489
2000129774149
2000129974235
2000999641459
2000129974495
2000129755124
2000129980014
2001880736605
2001880196218
2001880818707
2001880735523
2001880735509
2001880770616
2001880770616
2001880770609
2001880770609
2001880186646
2000765965093
2001880792670
2001880792656
2001880792663
2001880865213
2000129975195
2000129991249
2001880580383
2001880801280
2001880801235
2001880801297
2000129979759
2001880701986
2001880838064
2001880838088
2001880702013
2001880702051
2001880801228
2001880838101
2001880801976
2001880702099
2001880838071
2001880801273
2001880580246
2001880472060
2000762844339
2001880801327
2001880865220
2001880744495
2000130002149
2001880472367
2001880472312
2001880472343
2001880558726
2000129912664
2000762951730
2000130450353
2000761535375
2000129751300
2000765794914
2000999811562
2001880366949
2000999053429
2000222507231
2001880366956
2001880366932
2000999496073
2000130258560
2000130010526
2001880147128
2001880579080
2001880580178
2001880212727
2000999811616
2001880148040
2001880484070
2001880484506
2001880579066
2001880364969
2001880483974
2001880571855
2001880484094
2001880149290
2001880147739
2001880148545
2001880484421
2000130256948
2000129749437
2000129752116
2000130900001
2000129749444
2000129752116
2000129752116
2000130258577
2000130230436
2000999496073
2001880571862
2000762893610
2000999051135
2000989547600
2000999051128
2000999267178
2000999875977
2000989710882
2000998924669
2000222240572
2000762859821
2000762878716
2001880146459
2001880196874
2001880148514
2001880147661
2001880367588
2001880179037
2000290399745
2000762774360
2001880178931
2000290387759
2000290387759
2000290231182
2000290208276
2000761640703
2000290547184
2001880579059
2001880481284
2001880149238
2001880149092
2001880578373
2001880481284
2001880744549
2001880484308
2001880522499
2001880522499
2001880579097
2001880786778
2000761453358
2001880811036
2000130001319
2000999450136
2000222522913
2000222371092
2000222532189
2000222240268
2001880736636
2001880736056
2001880736681
2001880146633
2001880736643
2000762836075
2001880366659
2001880736667
2001880735905
2001880736032
2001880736629
2001880864827
2000290177411
2000222393940
2000130913445
2000999118043
2000761405081
2000761589101
2001880149160
2001880149160
2001880610110
2001880610110
2000999812187
2000999812187
2000999812187
2001880212628
2001880158063
2001880158063
2000993010510
2000993010510
2001880656347
2000993010527
2000993010527
2000993010527
2000993010503
2000999466403
