2000765870311
2000761452467
2000989554288
2001880149702
2000290545432
2000290415254
2000290415254
2001880800672
2001880748233
2000999876202
2000999660122
2000290411850
2000222625775
2000761592279
2000998996307
2000290465570
2001880838279
2000766201503
2001880469695
2000290465617
2000222273365
2000765920184
2001880689017
2000999463167
2001880593284
2000998844684
2000130892023
2001880623660
2001880571831
2001880571831
2001880782237
2000222540221
2000761588654
2000761588654
2001880472725
2001880735813
2001880800665
2000761669346
2000761715227
2000290544213
2000761404688
2000761404688
2001880383502
2000290266412
2000290266412
2000762894440
2001880556944
2000762898011
2000762898011
2001880623776
2000762915510
2001880810404
2001880744204
2000130756110
2000765962672
2000290461831
2001880733901
2001880469558
2000999118012
2000999051098
2000761589620
2000129790552
2000130923840
2000999619588
2000999054426
2000130764177
2000999663567
2000989554028
2000762871700
2000762871700
2000762976467
2000762865518
2000762898257
2000762861145
2000989462545
2000999280306
2000761706577
2001880834202
2000765826158
2000762963931
2000761706591
2001880467851
2000765963808
2001880394256
2001880394256
2001880394256
2001880458224
2001880389290
2001880472640
2001880748226
2000998844677
2000989451402
2001880804434
2001880834219
2000999875908
2000999875908
2000999539442
2001880328329
2000762965133
2000129987747
2000999390579
2000999363276
2000999267666
2001880557040
2001880557040
2001880186035
2000999539435
2001880196607
2000765865768
2000998993184
2000999967368
2000999967368
2000999967368
2000999967368
2000999967368
2001880818639
2001880838309
2001880654770
2000999378072
2001880128493
2001880804441
2001880468773
2001880468773
2001880468773
2001880468773
2001880645846
2000290262278
2000290461817
2000989390978
2001880468773
2001880147371
2000999640322
2001880147234
2001880782749
2000009626520
2000290237832
2000766064016
2000762871533
2000762871533
2000762842090
2000762842090
2000761452399
2000009632200
2000762865198
2000766232279
2001880744198
2001880403682
2000999660153
2001880389306
2001880197246
2001880748219
2001880818639
2000766174111
2000766232590
2000989441243
2001880579653
2001880147296
2000999126680
2000999640346
2001880735790
2001880146770
2000999640315
2001880150722
2000999812927
2000999640308
2001880736025
2000999811982
2001880735783
2001880147067
2001880735844
2001880197796
2001880735776
2000999812248
2001880149061
2000999812910
