2000290335552
2000290335552
2000761605993
2001880575259
2000998849245
2000999879500
2000999868504
2000999868917
2000999244971
2001880549526
2001880469343
2000762960473
2000998924683
2000999816031
2000765919744
2000999100536
2001880735868
2001880748325
2001880148668
2001880800627
2001880609688
2001880609695
2001880838330
2001880838323
2001880197789
2000999674037
2000999118685
2000766011447
2000999668128
2001880609459
2001880609466
2000999667190
2001880148552
2001880800573
2000999266898
2000999951039
2000765936314
2000999100628
2000999266942
2000999054433
2001880786761
2000999407062
2000999126925
2000999525070
2000999525063
2000998825379
2000761605993
2000766011454
2000762768123
2000766020753
2001880801754
2001880801754
2001880801754
2001880801488
2001880801488
2001880801815
2001880801815
2001880623646
2001880831409
2001880831409
2001880744259
2001880744259
2001880748301
2001880748318
2001880557521
2000761443502
2000762949423
2000762949423
2000762958364
2000762954885
2000999612930
2001880472442
2000762925137
2000130735214
2000130735214
2001880348068
2000999985911
2001880800283
2000766148761
2000999051012
2000999619267
2000765999609
2000999271250
2000999450129
2001880744273
2001880427527
2000998944360
2000999640711
2000999089176
2001880864582
2001880338021
2000999875946
2000999463068
2000999985805
2000999449901
2000999673702
2000999985805
2001880394232
2000762878624
2000762944442
2000999002588
2001880196225
2000999406720
2000999368028
2000989727217
2000761609144
2000765980591
2000989378242
2000999001864
2000989727217
2000999619489
2000998851347
2000762697348
2000762697348
2000999272141
2000762836136
2000762944350
2000761609151
2000762833029
2000765865935
2001880380143
2000999812033
2001880365690
2001880748530
2001880609527
2001880864308
2000989451594
2000999090936
2000999003288
2000999003813
2000762870857
2000762949423
2000762958364
2000989711025
2000766200025
2000998845025
2000989674986
2000989674986
2000989707288
2000989707288
2000998845032
2000998825836
2000762696976
2000762939714
2001880800696
2001880389276
2000999118050
2001880668579
2001880579615
2000762832701
2000762944749
2000765962580
2000989441939
2000762697324
2000999272035
2000998851354
2000999673719
2000762763838
2000762865402
2000762900936
2000766070949
2000766070949
2000999088964
2000999271632
2000989441939
2000989441939
2000989441939
2001880782732
2001880592959
2001880592959
2001880592959
2001880592959
2001880592959
2001880592959
2000999464539
2000999464539
2000999406874
2000999500343
2000999407130
2000999407130
2000999407130
2000999407130
2000999267383
2000999267383
2000999267383
2000989674986
2001880617829
2001880617829
2000766149256
2000989434092
2000222374123
2000222374123
2000130842073
2000999663208
2001880794179
2000998993276
2000999279980
2000999672521
2000290234282
2001880782831
2000999267789
2001880457838
2001880800689
2001880800702
2001880838255
2001880472596
2000999406904
2000999390470
2000999985775
2000999542015
2000999542282
2000999619137
2000762676978
2000766070215
2000762958227
2000762958227
2000290278279
2000762770317
2001880864858
2001880864858
2000762965126
2001880365997
2000999978258
2000999812538
2001880733994
2000761712547
2000761435767
2000761435767
2001880544477
2000129985767
2000761536174
2000761435644
2000761535191
2000761704665
2001880748264
2000989441304
2001880150043
2001880838262
2001880800641
2000999100734
2001880800658
2000762897991
2000762897991
2001880864575
2000761521552
2001880658389
2001880609992
2000130667669
2000130667669
2000130667669
