2000989727262
2001880481291
2000999951145
2000999117947
2001880671005
2000290543384
2001880582608
2001880365416
2001880394577
2001880186222
2000999960215
2000999268113
2001880186042
2000999007002
2000999850424
2000999174902
2000761586285
2000762832916
2000762770638
2001880227394
2000761412928
2001880582769
2000762679634
2000009689365
2000999847738
2001880721632
2000999267208
2001880592959
2001880592959
2001880745751
2000999177781
2001880748455
2001880592966
2001880481253
2000999110627
2000999959929
2000968994402
2000998994402
2000999812101
2001880700316
2001880658297
2000999875830
2000999847943
2000999100253
2000999054495
2000998994419
2001880544613
2000999048852
2000999783609
2000998851057
2001880582653
2000009640144
2000009640205
2000766002582
2000009640175
2000761357199
2000999985744
2000130195650
2000999053559
2000999177743
2000999280665
2000999451232
2000999672545
2000999503528
2000999813986
2001880211515
2001880551123
2001880551109
2001880508387
2001880551208
2001880472817
2001880557910
2001880582646
2001880337857
2001880721663
2001880599934
2001880599934
2001880651663
2000762895454
2000290530711
2001880716645
2001880716751
2001880716706
2001880651946
2000130216492
2000130216492
2000130216492
2000999800986
2000290435559
2000222246154
2000130456324
2000222541211
2000222541204
2000761444059
2000766066416
2000130397214
2001880599965
2000766254608
2000999063688
2000999063688
2000998994778
2000998994778
2000999345579
2000999359729
2000129832030
2000999275050
2000290210057
2001880593147
2001880580086
2001880484070
2001880366642
2000290535648
2000290193558
2000762759657
2000290277487
2000999886096
2001880383038
2001880594526
2001880663765
2001880511684
