2000129782113
2000130449098
2000130033938
2000130033877
2000130033884
2000761397331
2000999113239
2000130289380
2000130289397
2000130333250
2000290371635
2000222285481
2000130271040
2000130270852
2000222285382
2000222285368
2000130289557
2000130289441
2000130289373
2000999100611
2000761712479
2000761630766
2000766070321
2000290227574
2001880876035
2000999542480
2000999266904
2000290291063
2000999185571
2001880337819
2000290357622
2000290315219
2000999363306
2000999266904
2000761540676
2001880515200
2000290304244
2000761606402
2000761527370
2000290364170
2000761606402
2000762873698
2000290364163
2000761634467
2000290304244
2000290544466
2000762937406
2000130037486
2000290249453
2000762900851
2000130677316
2000222288185
2000130515939
2000130043777
2000130828633
2000222382388
2000762773950
2000130030920
2000761386526
2000761405487
2000761429735
2000762774995
2000761400635
2000761640628
2000761436108
2000762773714
2000989719779
2000989719779
2000989719816
2000989719885
2000989537779
2000989720232
2000989720263
2000989719809
2000989537991
2000989719991
2000989719984
2000989458753
2000989458753
2000989720225
2000989719885
2000989719991
2000989720256
2000761713223
2000761585820
2000761570307
2000761386359
2000761669339
2000761549877
2000761570291
2000762895041
2000999002496
2000999002496
2000290174045
2000762759572
2000290466492
2000290545838
2000130899749
2000130899749
2000130913933
2000761418920
2000130931043
2000761418906
2000761418906
2000130913919
2000130913919
2000130913926
2000761418920
2000290327434
2000290327434
2000290335323
2000761418906
2000130634463
2000130899718
2000130899718
2000130931050
2000130931050
2000130913919
2000130913926
2000290327441
2000290327441
2000290327441
2000290327441
2000290327441
2000290327441
2000290327441
2000130913933
2000130913933
2000130899749
2000130899749
2000130765532
2000130899749
2000130899749
2000130899749
2000761418920
2000222616803
2000222241777
2000290327434
2000290327434
2000761418920
2000761418920
2000761418920
2000290327434
2000290327434
2000290327434
2000130046419
2000130044989
2000130031033
2000130035444
