2000130876412
2000765962542
2000765962542
2001880617805
2001880617805
2001880818721
2000765962542
2000765962542
2000765962542
2000989726814
2000761590046
2001880833977
2001880833960
2000290525236
2000130374192
2000130374208
2000130374222
2000130374215
2000761627513
2000761587381
2000761587381
2001880670978
2001880782497
2001880469473
2001880469473
2001880469473
2000999876349
2000999876349
2000999876349
2000999876349
2000999876349
2001880796685
2001880797170
2001880842832
2001880689147
2001880689147
2001880735424
2001880763793
2001880689154
2001880797163
2001880196195
2000290278170
2000290278170
2000130767635
2000762890923
2001880522536
2001880687273
2001880676260
2001880738494
2001880738494
2001880892202
2001880892219
2001880892226
2001880472220
2001880522529
2001880380198
2000999815966
2001880865510
2000761416360
2001880874857
2001880874857
2001880404214
2001880782688
2001880782688
2001880818745
2001880804359
2001880186028
2000999876134
2001880818752
2000762696228
2000762696228
2001880691676
2001880804359
2001880138492
2001880818677
2000290434910
2000765919690
2001880832277
2000766233337
2001880768248
2000989378068
2001880754968
2001880701757
2000999618468
2000999667312
2001880380631
2001880676260
2001880397004
2001880510304
2001880472237
2001880557491
2000999985881
2000999876141
2001880196164
2000290227581
2000290322484
2000999127120
2001880818684
2001880783005
2000762686304
2000009754315
2000999783234
2000998831912
2000009754346
2000009754315
2000129874542
2000222488677
2000222488684
2000222488653
2001880784958
2001880285929
2001880796678
2001880796661
2001880788932
2001880796654
2001880143229
2001880691461
2001880663826
2001880658501
2000999497681
2000999647697
2000999647697
2001880134562
2000290191394
2000765803210
2000999497681
2000222234212
2000222259864
2000999497681
2000999497681
2000761663931
2000999647697
2000999238048
2000999497681
2000999497681
2000999406898
2001880801075
2001880469282
2000762707825
2001880801068
2000762774667
2000762677265
2000999054273
2000999107214
2001880390210
2001880143236
2001880186608
2000989434122
2000989390862
2000989570332
