2001880556845
2000999091858
2000989430087
2001880147081
2001880168901
2000999704833
2001880747250
2001880747250
2001880558610
2001880609336
2000999966965
2001880749483
2001880874956
2000999811685
2001880747236
2001880458170
2001880837623
2000999100567
2001880874949
2001880579578
2001880579509
2000998851255
2000999976582
2001880832222
2000999169397
2000989372622
2000999457630
2000989701705
2000998989095
2000765840666
2000765840666
2001880579554
2000999650338
2000765963211
2000999784309
2000999867439
2000999784309
2000765963273
2000762918009
2000765963211
2000762918009
2000999867439
2000765963273
2000999169458
2001880578687
2000999977237
2001880484025
2001880142093
2001880142093
2000989429883
2001880458163
2000999966736
2001880782336
2000999089503
2001880782350
2001880782381
2000999976575
2001880782466
2001880837647
2001880782336
2001880364631
2001880364631
2000290227918
2001880782930
2001880557477
2001880557484
2000999966910
2000999966736
2001880749933
2000290249347
2001880579806
2001880749506
2001880874994
2001880874963
2001880832239
2001880579622
2001880747243
2000999367137
2000222385600
2000130035147
2000999367397
2000999447150
2000999447150
2000998851910
2000999663338
2000999625442
2000999812989
2001880736254
2000766001301
2000766001301
2000766148815
2000290199253
2001880709166
2001880864605
2001880745492
2001880865459
2001880578748
2000989433903
2001880832246
2000998851767
2001880745454
2001880671135
2001880195266
2001880578762
2001880150791
2001880557415
2001880745430
2001880580017
2001880578847
2000765963341
2000999612060
2000999612060
2000765963341
2001880609220
2001880579820
2001880578830
2000999351303
2000999624346
2001880747281
2001880745447
2001880578892
2001880782459
2001880747281
2001880578816
2000989517979
2000999966750
2001880832185
2001880756658
2001880558481
2001880609312
2001880578939
2001880745669
2000999966750
2001880756658
2001880837654
2001880578939
2000999653179
2000999976766
2001880768286
2001880768286
2000999664892
2000222393827
2001880830228
2001880830150
2001880586804
2001880830198
2001880830211
2001880830167
2001880688195
2001880586781
2001880830242
2001880688201
2001880830204
2001880830235
2000999976612
2001880586774
2001880830143
2000999976612
2000999363429
2000999673665
2001880586798
2001880754876
2001880830174
2001880782978
2001880782954
2000999674075
2000999976933
2000130913476
2000999850370
2000999976629
2000999976636
2000999363436
2001880754876
2000762690493
2000290404869
2000998871895
2001880865497
2000290177442
2000130265070
2001880670985
2000766248263
2000222487151
2000761560513
2001880688256
2000999254437
2000998924164
2000999254406
2000999254406
2000989487142
2000222528502
2001880178160
2000290404869
2000290276497
2000290258967
2000290174632
2000999254444
2000290418996
2000999254420
2001880688218
2001880830181
2000999876004
2000130886176
2000129859402
2001880578427
2001880782961
2000989519584
2001880578922
2001880708442
2001880598425
2001880598333
