2000290535365
2000290535365
2000999618789
2001880794391
2001880337208
2000009754063
2001880457951
2001880403927
2000222349060
2001880736278
2000989445982
2001880709180
2000999959851
2001880406164
2001880406164
2000999100307
2000999624094
2000999667626
2000999002014
2000999474804
2000999890673
2001880197611
2001880195815
2000989446590
2001880841064
2000290281606
2001880609190
2000999867460
2001880770852
2001880770869
2000999867545
2001880770845
2000999867477
2001880770920
2000762707924
2000989433903
2000998847692
2001880394317
2001880403729
2001880609176
2000130164281
2000999493072
2000765963310
2000999493072
2000765963310
2000766034439
2000998825713
2001880749711
2001880745508
2001880768484
2000999282799
2000999351297
2001880394300
2000999525612
2000999976582
2001880578861
2001880195785
2000999054266
2001880142192
2001880142192
2001880142192
2001880468728
2001880578915
2000999351723
2000999966972
2000999050268
2001880146220
2001880609183
2001880146206
2000031842257
2000998848644
2000130006727
2001880753909
2000999627200
2001880578908
2000999959868
2000290530612
2000762706637
2000999367342
2001880745461
2000130612379
2001880756672
2001880149641
2001880195792
2000999048777
2001880195181
2001880195181
2001880195181
2000222383026
2000998924171
2001880364648
2001880609169
2001880708435
2000290328202
2001880756993
2000766232170
2001880782428
2001880782367
2001880782480
2001880657092
2000222617398
2000999010361
2001880837562
2001880697623
2001880697593
2001880697593
2001880697678
2001880576300
2000999811722
2001880575846
2001880609329
2000766148822
2000766148822
2000999091889
2000766148815
2000766148815
2000766148822
2001880575570
2001880836602
2000999049316
2000999524820
2001880195266
2001880708435
2001880579745
2000999811524
2000999811517
2001880798702
2000130930565
2000130507590
2000130035383
2000130032443
2000222619439
2000222619422
2001880768279
2000999050169
2001880379154
2001880709197
2001880558450
2001880558443
2000999812965
2001880832192
2000999278488
2000999976766
2001880800436
2001880745652
2001880865411
2001880366376
2001880800443
2001880337796
2000765962870
2001880578823
2001880862960
2001880862953
2001880575587
2000999664670
2001880782435
2000998848613
2001880782404
2001880782411
2000999119309
2000989339861
2000998848590
2000998848590
2000998848651
2000999119613
2000998847708
2000999977343
2000999977343
2001880865442
2000130430195
2001880747274
2001880709562
2001880865435
2001880747274
2000766070963
2001880582424
2000989390510
2000999091896
2000998852283
2000130689494
2000999524370
2000290276510
2000766020623
2000999976179
2001880196768
2001880768316
2001880768309
2001880768316
2000766149898
2000130886183
2001880578991
2001880768293
2001880768262
2000999020698
2001880768309
2000989487289
2001880171680
2000999107153
2000762943568
2000762970588
2000290165784
2000766172292
2000766149270
2000222549316
2000761422699
2000998841041
2001880583100
2000999867040
2000999867040
2000999119422
2001880736193
2000989458791
2000222616346
2000761451989
2000222616346
2000761451989
2000130449494
2000222414669
2000129809308
2000129856395
2000129809292
2000999474811
2000766035436
2000766035467
2000999474880
2000762842472
2000999049064
2000129766601
2000998851422
2000989377788
2000999660184
2000766035238
2000999663253
2001880770937
2000761592712
2000766148808
2000766001585
2000766001592
2000766001592
2000766148808
2000766001585
2000766001585
2000999091902
2000999663321
2001880691386
2000762759619
2000998847685
2001880167249
