2000129738363
2000129781178
2000129968319
2000129738189
2000129968463
2000290273434
2000290273434
2000290296686
2000761416582
2000222518916
2000290296693
2000290296693
2000009686999
2000222616001
2000129743459
2000129968463
2000129968463
2000130366531
2000290201949
2000009691429
2000031842158
2000130745497
2000129748997
2000009686944
2000009689273
2000129748973
2000129748980
2000129749055
2000129749048
2000009686951
2000290194067
2000130867854
2000222360553
2000222611648
2000222360546
2000031842103
2000130560984
2000129749086
2000222461823
2000761713032
2000129749086
2000989431039
2000222383453
2000762914759
2000130098791
2000009688573
2000290262063
2000129749031
2000222451510
2000222491875
2000222528083
2000129749000
2000031842127
2000130825519
2000222360522
2000129749031
2000031842493
2000222635217
2000130162713
2000009689228
2000222611556
2000766232965
2000129946348
2000999363467
2001880195068
2001880337840
2001880196256
2000999542268
2000130844886
2001880751103
2000761443588
2000761443588
2000761443588
2000761443588
2000129967855
2000129967855
2000222261492
2001880510038
2001880751103
2001880751097
2001880751110
2001880751141
2001880751141
2001880751097
2000130514420
2001880196263
2001880196263
2000999977473
2001880749735
2000999960000
2000130840628
2000762696730
2001880365768
2000999811586
2001880146398
2001880408212
2001880408212
2000999050756
2000130398266
2000761715302
2000761443588
2001880509995
2000762959606
2000999350764
2000762696730
2000999977893
2000999351099
2001880146213
2001880197239
2000999966996
2000766148303
2000766148303
2000761467676
2000999618901
2000999618901
2000130305073
2000999976711
2000766001882
2001880337710
2000761435576
2000761435576
2000290461879
2001880365751
2000999002267
2000999002267
2001880749728
2001880749728
2000999524516
2001880146565
2000130844886
2001880691690
2000130466712
2001880510267
2000761711618
2001880691447
2000290261622
2001880832208
2001880832215
2001880146206
2001880337758
2000999524653
2000999524653
2000999960017
2000761386571
2001880337727
2001880337734
2000999976742
2000998811457
2000999618918
2000999618918
2001880404221
2001880147463
2000998909734
2000999095009
2000998909734
2000222281865
2001880841132
2001880691683
2000766001899
2001880841156
2000998848781
2000998848781
2000999181030
2000761459480
2001880579981
