2001880196331
2000999812422
2001880196331
2001880197390
2000999628030
2000761364777
2000762915930
2000998943714
2000009755152
2000999494536
2000290258585
2000761640741
2001880150272
2001880196799
2001880709418
2000761582416
2000761550323
2000999969430
2000999524219
2001880337062
2000130572062
2001880709234
2001880576140
2000999524943
2000130572352
2000761428141
2000130924816
2001880579783
2000989458722
2000999976223
2001880876127
2001880876127
2001880864438
2000999271885
2000999667664
2000999049132
2000999353451
2000999088940
2001880876004
2000999976773
2000999976773
2001880873621
2001880403330
2001880737213
2000999049118
2000999271458
2000999367816
2001880832376
2000999049132
2000999976896
2001880365522
2001880365492
2000999977411
2000999542039
2001880737169
2000999049125
2001880736384
2001880832413
2001880582790
2001880582790
2001880837708
2000999667510
2000999627194
2001880365508
2001880736377
2001880709432
2001880195495
2001880737350
2001880737237
2000999107184
2001880832383
2000999977534
2001880832406
2001880832390
2000999667527
2000999271977
2000999049101
2000999272059
2000999272059
2001880403330
2001880403330
2000999976599
2000999446856
2000999126710
2001880737381
2000130625539
2000222279589
2001880522352
2001880875601
2001880875977
2001880840678
2001880875601
2001880262333
2001880770791
2000222499444
2001880751370
2000290404319
2000222403564
2000290272536
2000290191097
2000290191097
2000290190427
2000290190502
2001880169311
2000290191134
2000290404302
2000290330717
2000222499284
2000290272536
2000999950575
2000290191097
2000222499437
2000222499437
2000222499451
2000290191080
2000999253249
2001880751370
2001880751370
2000290404302
2000222499437
2000290404302
2000222404370
2001880751370
2000761431707
2000761431707
2000222404417
2001880583445
2000222403595
2000222403588
2000222403571
2000222403571
2000222403571
2000222403571
2001880583476
2000222403724
2000999253133
2000222499444
2000222499444
2001880785733
2001880785733
2000999253256
2000999253256
2000222403588
2001880169298
2001880169298
2000222403557
2000290190519
2001880463501
2001880583469
2000999253201
2000999705458
2000999705458
2000999253201
2000222403557
2000999253256
2000290190960
2000761431707
2000222279589
2000765867236
2000222279725
2000222403588
2000999253218
2000290272567
2000761354884
2000222403595
2000290191028
2000761431691
2000222403588
2000999253157
2000222403595
2001880169298
2000222403588
2000761354884
2000290190502
2000290272536
2000761431691
2000290191127
2000290272512
2001880583476
2000999705465
2000999705465
2000999253256
2000999705472
2000999253225
2000290190519
2001880785733
2000761431691
2000222499338
2000999950575
2000761431684
2000222403670
2000222403649
2000999002052
2001880408076
2001880408106
2001880408083
2001880408069
2001880408021
2001880408106
2001880408038
2001880407994
2001880407994
