2000766003701
2000762959156
2000761712066
2000762773387
2000989390541
2000766248331
2000762891081
2000762891081
2000762895256
2000766001004
2000766001004
2000999524332
2000999524332
2000999350313
2001880484063
2000999367502
2000999977145
2000766148204
2000766148204
2000766148204
2000766148211
2000762878211
2000762878211
2000765797670
2001880367182
2001880862991
2000762871045
2001880351501
2000999642319
2000762719996
2001880167713
2001880512414
2001880284403
2001880649981
2001880649837
2000762719996
2000989719632
2000999474835
2000999867057
2000999459603
2000999459603
2000766138670
2001880832598
2000999977077
2000999240126
2001880782497
2001880782497
2000761452825
2000999969362
2001880709340
2000999975745
2000999977664
2000999664762
2000998851569
2000998851569
2001880610103
2001880745720
2000999351839
2001880197741
2001880457999
2001880556975
2001880831966
2000999976780
2000130418117
2001880743757
2000999977244
2001880840692
2001880735967
2001880768453
2001880832345
2001880709319
2001880831997
2000989475354
2000999002250
2000766149157
2000130032696
2001880745768
2000998944339
2000989714729
2000998925277
2001880265044
2000998925277
2000762774780
2000998925291
2000998925253
2000998925284
2001880834318
2000290199871
2000290199864
2000765915746
2000130613949
2000761536112
2001880649943
2000130045993
2000130046167
2000130044446
2000290250329
2000989714712
2000761571670
2000999653292
2000999845086
2000762832985
2000999084638
2001880557231
2001880557231
2000999119378
2000999978692
2000999466526
2001880397059
2001880576027
2000999254390
2001880397066
2000766245439
2000999524554
2001880449338
