2000766148730
2000766148730
2000761525901
2000761525901
2001880458156
2001880837593
2001880831881
2005334132444
2000761453341
2001880197260
2000989693758
2000999084386
2000999084386
2000998904982
2000999084355
2000999084362
2000998904999
2000998905002
2000998904999
2001880733925
2001880557286
2001880557293
2001880609978
2001880873591
2001880745539
2001880832291
2001880579592
2000999977541
2000761364579
2000761364579
2000989441441
2001880829956
2001880583438
2001880583438
2000762776753
2001880407970
2000766020678
2000766020678
2000766020678
2001880709326
2001880832338
2000999977633
2001880708954
2001880458255
2001880458033
2001880831676
2001880708374
2001880708848
2001880831744
2001880804571
2001880708312
2001880344046
2000130812557
2001880467806
2001880467806
2001880649653
2001880794056
2001880593888
2001880749315
2001880708978
2000999969447
2001880691645
2001880691638
2000999819872
2000999490019
2000999653513
2001880892011
2001880197550
2000222502540
2001880848735
2000989436065
2001880158520
2001880158520
2001880649646
2000761589958
2000290344882
2000290344851
2000999812125
2000999812149
2000999363559
2000999363559
2000999363559
2000999977824
2000999812132
2000129751348
2000129764447
2000130033617
2000130033617
2000130033617
2000761355461
2000761561169
2000761540256
2000761606426
2000999182969
2000989726920
2000129766182
2000761369529
2000761369529
2000290464665
2000761369536
2000009755831
2000130949406
2000130949406
2000762697287
2000009754148
2000998944278
2000999850394
2000999850448
2000761357076
2000999271182
2000999000867
2001880573248
2001880649844
2000998822316
2000130287362
2000130287379
2000130287379
2000998993245
2001880837685
2001880782503
2001880782503
2001880782503
2000765874753
2000765874753
2000765874746
2000765874746
2000765874753
2000999813894
2001880862939
2001880862922
2000130289595
2000130289595
2000130289595
2000290225167
2000290225167
2000290225167
2000290225167
2000290225167
2000130287362
2000999279850
2000130473239
2000989475866
2000130473239
2000989475866
2001880579646
2001880745195
2001880599620
2000290262803
2001880768163
2001880768163
2001880832529
2000999667619
2000999350559
2001880749339
2000999049682
2001880367199
2000222281391
2001880749766
2000762915756
2001880831850
2001880865343
2000762958319
2000290421804
2001880749759
2001880831843
2000761422873
2000999352256
2000999847912
2001880484582
2001880557132
2000998825539
2000999626128
2001880801457
2000290411607
2000222616155
2000998852139
