2001880380044
2001880473319
2001880380099
2001880457791
2000999850455
2000999867125
2001880379086
2000999867064
2000999867064
2000999867163
2001880583414
2001880583421
2001880583407
2001880583391
2000999867095
2000999867088
2000999867163
2000999867170
2000999867170
2000999867095
2000999867088
2001880543029
2001880543029
2001880668906
2001880408304
2000999353161
2001880804540
2000761560476
2001880784927
2001880366673
2000765913056
2000765913056
2000761627155
2000130516561
2000989441519
2000989441526
2000989441526
2000765913070
2001880768446
2001880668937
2000761371843
2000290412116
2001880709456
2000290278941
2000762674721
2000762720039
2001880834073
2001880834073
2001880416767
2001880416750
2000222455105
2000222455105
2000222647906
2000222647906
2000761560612
2000761386441
2001880186820
2001880416743
2001880416743
2001880416774
2001880195464
2001880804595
2001880458132
2001880708824
2001880804519
2001880804557
2001880804601
2001880831898
2001880831737
2001880458002
2001880458019
2001880708299
2001880708305
2001880688898
2001880458262
2001880831751
2001880708893
2000999667923
2001880472732
2000999624414
2001880709050
2001880709135
2001880579882
2001880832178
2001880832567
2001880709111
2001880709067
2001880709104
2001880579233
2001880709159
2001880709098
2001880832161
2001880709142
2001880832550
2000999050251
2001880804588
2001880745140
2000999050244
2001880840654
2001880837586
2001880768439
2001880747748
2000999978128
2000999050107
2001880558238
2001880472589
2001880709548
2000999524523
2001880801013
2001880708800
2000999975882
2001880708879
2000999350771
2000989489566
2000765870236
2001880427800
2001880736124
2000999667947
2000999667947
2001880736117
2001880708916
2001880840449
2001880403422
2001880840432
2001880387074
2000290191172
2001880831713
2000999976186
2000765920337
2000998945183
2000989727446
2001880708695
2000999271663
2001880831829
2001880831836
2001880831782
2001880831812
2001880579370
2001880831867
2001880736759
2001880745164
2000999668098
2000999525131
2001880484261
2000999668098
2000999368264
2001880708886
2001880837579
2001880865350
2001880458026
2001880749247
2000999525148
2000762690639
2000762690639
2000989340256
2000989340249
2000989340201
2000989340249
2000989340195
2000989340133
2000989340218
2000989340171
2000989340157
2000989340188
2000989340188
2000989340133
2000989340171
2000989340133
2000989340164
2000989340232
2000989340195
2000989340225
2000989340140
2001880544279
2001880544279
2001880544279
2000290435276
2000290357677
2000989441571
2000761356093
2000762676794
2000762915794
2000989433064
2000762831162
2000765915753
2000761358981
2000762831179
