2001880583285
2001880583285
2001880583285
2001880583285
2000129809230
2000130395234
2001880749230
2001880736773
2001880831874
2000765934891
2001880804625
2001880427268
2001880708961
2000999976704
2000999624384
2000999171154
2001880408199
2001880749742
2001880579561
2000999976469
2001880146763
2000989378273
2001880366611
2001880458071
2001880736780
2000762774919
2000762774919
2000290519389
2001880366871
2000130048932
2000290324716
2001880709005
2001880804618
2001880831980
2001880832017
2001880751189
2001880751189
2001880751189
2001880708268
2000999812163
2001880708367
2000130068824
2001880511783
2000989401285
2001880708398
2001880708381
2001880831690
2000290246100
2000129858368
2001880801006
2001880749308
2001880832000
2001880832321
2001880150555
2000989570325
2000009718270
2001880751158
2001880751158
2001880751158
2000999628306
2001880749254
2001880708831
2000999628290
2000989727507
2000766149775
2000762777156
2000999624452
2001880865367
2000766148655
2001880408434
2000999089510
2001880768231
2001880768231
2001880197949
2000999624209
2000999351259
2001880709401
2001880709395
2001880749353
2001880579400
2001880749322
2001880804649
2001880708985
2001880579493
2001880579608
2000989430377
2001880708411
2001880708923
2001880708992
2000998851309
2000999367205
2001880831973
2000989431190
2001880708404
2001880708336
2001880457906
2001880708855
2001880403842
2000999524448
2000999625084
2001880832604
2001880708633
2000762763579
2000999976261
2000765801964
2000765801902
2000765801902
2000765794235
2000765794600
2000765794600
2000765794600
2001880708282
2001880744976
2001880736810
2001880736810
2001880744969
2001880708459
2001880403309
2001880768590
2001880708770
2001880403453
2001880403309
2001880403439
2000999705052
2000290191172
2000999705106
2000999705106
2001880244087
2000999705090
2000999705106
2000999705106
2000290191172
2000999705106
2001880244087
2001880463426
2000290403879
2000999705052
2000999705052
2000999705052
2000999705106
2000999705090
2000999705038
2000999705052
2000999705052
2000999705090
2000999705090
2000290403831
2001880244087
2000290403879
2001880463426
2000290403879
2001880463426
2000999705069
2000999705069
2000290403831
2000290403831
2000290403831
2000290403831
2000290403831
2001880751042
2001880244087
2001880244087
2001880244087
2000999705069
2000999705090
2000290403893
2000290403879
2000290403879
2000290403879
2000290191172
2000999705069
2000999705069
2001880365652
2001880427725
2001880403446
2001880708664
2001880708275
2001880708947
2001880800337
2001880708763
2001880708671
2001880708688
2001880735936
2000999367571
2000999367571
2000999367571
2000999367571
2001880196102
2001880427824
2001880196089
2001880749582
2001880458316
2001880747359
2001880688911
2001880768132
2001880365652
2001880832109
2001880196089
2001880832109
2001880196102
2007820749582
2001880749537
2001880840876
2001880749537
2001880196102
2001880829994
2001880708626
2001880709302
2001880668951
2000989728023
2001880830006
2001880408427
2001880745034
2001880579394
2001880708770
2000222275925
2001880744983
2000222506890
2000222275925
2000761571632
2000290403879
2001880768224
2000999705090
2001880768224
2001880804496
2001880146268
2001880749285
2001880668951
2000999049750
2000130032696
2000999352942
2001880593185
2001880593185
2001880593185
2001880458248
2001880244063
2001880244063
2001880751172
2001880751172
2001880709012
2001880708480
2000761588418
2000999976193
2000989431084
2000999474842
2000766001455
