2000989558804
2000999004537
2000762670280
2000762670280
2001880785870
2000999459498
2000999459481
2000999083464
2001880547683
2000765911670
2000989509684
2001880547676
2001880547751
2001880668401
2001880667831
2001880213106
2001880213090
2000999452635
2000989716006
2001880212994
2001880213083
2001880350177
2000989559009
2001880471414
2000999503610
2001880350054
2001880213007
2000999237614
2001880212987
2000999503658
2001880213021
2000999363733
2001880667862
2001880892028
2001880243950
2001880891861
2001880891878
2001880785818
2001880785818
2000999252747
2000999459436
2001880785863
2001880798191
2001880892240
2001880892257
2001880891885
2001880802393
2001880802393
2001880802393
2001880802393
2001880785849
2001880785764
2000999252945
2001880607479
2001880743337
2001880892141
2001880691409
2001880892158
2001880156151
2001880691300
2001880691324
2001880891892
2001880691348
2001880691355
2000999869709
2000766134665
2000989728740
2001880440915
2001880439834
2001880439261
2001880641565
2000761629180
2000761629180
