2000761646446
2001880746994
2001880197208
2000999352065
2001880746987
2000762871526
2000290364552
2000290357097
2000290357097
2000290465747
2000290364552
2000290387810
2000222507088
2000290465747
2000765794921
2000222646077
2000999875854
2000999875854
2000762841932
2000761646439
2000999976674
2001880737145
2000290193152
2000290273069
2000222632599
2000222632599
2000290524666
2000290374308
2000761401236
2000761592422
2000290168723
2000290168730
2000761401243
2000761550361
2000761539991
2000761455116
2000999351280
2000762894884
2000761540270
2000762871236
2000761527134
2000762871236
2000761452030
2000762871243
2000222626123
2000130885995
2000130885995
2001880579219
2000761525376
2000761525376
2000222498126
2000222273679
2000222273679
2000761669643
2001880149672
2000761571342
2000222383583
2000762969384
2000762969384
2000290372984
2000290303896
2000761605917
2000761605917
2000761452054
2000290434996
2000290339062
2000290369946
2000999368295
2000999185984
2000761664495
2000222616391
2000762871250
2000765706757
2000290465761
2000290465754
2000290465778
2001880484384
2000761358875
2000761599094
2000761535214
2000290258851
2000999975813
2000130886008
2000290530155
2000290344530
2000290297188
2000762774520
2000762774513
2000222647265
2000290523829
2000762676510
2000222625256
2000222625256
2000761525383
2000290233780
2000765797335
2000290233797
2000290251012
2000222618494
2000222647258
2000222647258
2000761405524
2000761400796
2000761527103
2000761669650
2000762878433
2000761526069
2000290343830
2000765797359
2000290205558
2000762690158
2000290421422
2000290401318
2000761455123
2000290412017
2000290412017
2000761520425
2000999267123
2000761587534
2000761520425
2000130923031
2000290401301
2001880748424
2000999100314
2000222379302
2000130886008
2000290251029
2000222618500
2000290291766
2000290530247
2001880804458
2000290292091
2000761404947
2000762774537
2000762763241
2000762763241
2000290421866
2000762763241
2000999001130
2000290421866
2001880833656
2000290273182
2000761626752
2000761626752
2000761626752
2000761626752
2000762690165
2000761698667
2000761404930
2000290530162
2000290226768
2000290530261
2000290177282
2000999626807
2001880838941
2000290465839
2000222625270
2001880609480
2000766001264
2000762690882
2000290208337
2000290208337
2000290277265
2000290535532
2000290320749
2000998844653
2000761437013
2000761401250
2000290544039
2000290544039
2000290250879
2000761401250
2000761401250
2001880580147
2000761356710
2000761526977
2000761526977
2000998994495
2000998994495
2000989433866
2000999001147
2000290465723
2000761664877
2000761436986
2000761436986
2000761371799
2000762998094
2000999267130
2000999267147
2000989728092
2000999367175
2000766001844
2000290525335
2000290525335
2000999367168
2000290440959
2000999267154
2001880394287
2001880394218
2000761416100
2000762914964
2000761664860
2000761712523
2000999267024
2000762764255
