2000290467475
2000290441574
2000290260373
2000290260373
2000290524789
2000762960220
2000762950122
2000290524789
2000290386929
2000222404981
2000222647500
2000222647500
2000290260632
2000290273083
2000290273083
2000761364746
2000290467482
2000290450361
2000290450361
2000290421507
2000761386267
2000761634528
2000290205657
2000222455235
2000290466232
2000222528144
2000222528144
2000222496474
2000290421514
2000222528144
2000290205657
2000222528144
2000761561565
2000290466232
2000290466232
2000222511177
2000222455235
2000290387940
2000290466249
2000290348613
2000222647517
2000130932422
2000290237306
2000290260175
2000290260175
2000290259100
2000290259100
2000222349343
2000290259100
2000222348117
2000761356840
2000222472973
2000761452764
2000762960510
2000761430113
2000761430113
2000290421521
2000761422323
2000761455277
2000290544497
2000761401847
2000761401847
2000290261738
2000290261738
2000130737614
2000130832906
2000290188387
2000290193282
2000761455154
2000290400472
2000290228779
2000222404998
2000222404998
2000290296341
2000290233896
2000222487724
2000130764887
2000222436975
2000290246360
2000222469638
2000130764887
2000130923277
2000290246360
2000222288123
2000290320503
2000222436975
2000222487724
2000130948980
2000762953208
2000761713629
2000761521637
2000761455307
2000761699114
2000761455307
2000290168556
2000290466300
2000761436887
2000761436887
2000290381603
2000290530506
2000762949591
2000290193299
2000290193299
2000290369960
2000290369960
2000761356871
2000222647579
2000761416247
2000130480657
2000130764894
2000130507422
2000222469652
2000222646138
2000290177374
2000290177374
2000222646145
2000290184952
2000290273533
2000290279429
2000290273496
2000290399875
2000290530414
2000290530414
2000290466324
2000290399875
2000290273533
2000290418538
2000290177381
2000290177381
2000761670694
2000761455314
2000761452146
2000290273014
2000761355737
2000222647593
2000290441048
2000290290912
2000290357158
2000290339086
2000761639967
2000761430830
2000290205688
2000290357165
2000290421545
2000290421545
2000290357165
2000762870567
2000761416292
2000761416292
2000761540300
2000762950771
2000290357318
2000290418545
2000290418897
2000290322415
2000290388930
2000290344790
2000290388961
2000290400526
2000290388947
2000290348453
2000290388022
2000290388961
2000290400526
2000761416308
2000290309492
2000290290813
2000290292015
2000290418910
2000290388954
2000290530926
2000290303940
2000290418903
2000290290790
2000290290790
2000290388022
2000999267093
2000290405316
2000762915503
2000761355751
2000761416308
2000290400533
2000290400533
2000761416315
2000290544541
2000762697195
2000290388060
2000290322439
2000290388077
2000290369977
2000290272642
2000290465174
2000290309508
2000290388084
2000290418927
2000989695592
2000999347061
2000998925390
2000999173554
2000999173554
2000999280238
2000989475996
2000999451089
2001880834189
2000989695608
2000999783494
2000999451096
2000766230732
2000999618727
2001880511677
2000999099380
2000998925413
2001880794155
2000766062951
2000989515593
2000999173585
2000999451126
2000998822620
2000998822620
2000766080900
2000290400373
2000761416810
2000290278903
2000222489223
2000290290868
2000290436648
2000761405432
2000761582140
2000761430779
2000761356581
2000761600288
