2001880617768
2000999267208
2000999118029
2000999118029
2001880227264
2001880227264
2001880367083
2001880367083
2000999875779
2000999110740
2000999975806
2001880592973
2001880745751
2000999178009
2001880864674
2001880864674
2000999177781
2001880846526
2001880846526
2001880365423
2000999406638
2001880195488
2001880484216
2001880484315
2001880484445
2001880748455
2001880864681
2001880864681
2000999126574
2000999126574
2000999126574
2001880481253
2001880592966
2001880592966
2001880748462
2000999126574
2000998994396
2000998994396
2000998994396
2000998994396
2001880579189
2000999985782
2001880658129
2001880658129
2001880658112
2001880658112
2001880578526
2001880768194
2001880768194
2001880768200
2001880768200
2001880138416
2001880782589
2001880592942
2001880838927
2001880468964
2001880365621
2001880838934
2001880836992
2001880864728
2001880864728
2000999811821
2001880836992
2000999500039
2001880195310
2001880544606
2000999887024
2000999618925
2001880846533
2000999048869
2000999406706
2001880838903
2001880846731
2001880365850
2001880865336
2000999110627
2001880846809
2000998994310
2000998994310
2001880364709
2000999951152
2000999618895
2000999618895
2000998994297
2000998994297
2000999278464
2000999177866
2001880571909
2000999278464
2001880571909
2000999951053
2000999951053
2000999951053
2000999951053
2000999951053
2000999499968
2001880865244
2000998994297
2000999985843
2000999618970
2000999177866
2000999951275
2000999887055
2000999524509
2001880782848
2001880468940
2000999811715
2000999959929
2000999959929
2000999110603
2001880578465
2001880365607
2001880365607
2000999875984
2000999875984
2001880658297
2000999875830
2000999875830
2000999875830
2000998994402
2000998994402
2000998994402
2000998994402
2000998994402
2000998994402
2000998994402
2001880367113
2001880735981
2001880865251
2001880195778
2001880481277
2000999054495
2000999100253
2000999100253
2000999100253
2000999100253
2000999100253
2000999266775
2000999054495
2000999054495
2000999266775
2000998994419
2001880864667
2000998994419
2000998994419
2001880195808
2000998994419
2000998994419
2000998994419
2000999618833
2001880658259
2000999054495
2001880846618
2001880195501
2001880737282
2001880592980
2001880592980
2000999390500
2000998994273
2001880469046
2001880864704
2001880864704
2001880846717
2001880365591
2000999618949
2001880865237
2001880746932
2001880195846
2001880195846
2001880846694
2001880737282
2001880578458
2001880578489
2000999359538
2000999359538
2000999359538
2001880846557
2000999959967
2000999959967
2000999048883
2000999686788
2000999686788
2001880800313
2001880800313
2001880227158
2000999278587
2000998994389
2000998994389
2000998994389
2000998994389
2000998994389
2000998994389
2001880544613
2001880846519
2001880609534
2001880579875
2001880581151
2000999267284
2000999267284
2000999110665
2001880864711
2001880864711
2000999048852
2001880748479
2000998994280
2000999499920
2000998994280
2001880748479
2000999499920
2000999267062
2000999048852
2001880178023
2001880746925
2000999618932
2000999054488
2000999054488
2000999359699
