2000761606013
2000989434368
2000129983435
2000129987808
2000761520401
2001880837302
2001880150302
2000130842325
2000999474965
2000999474965
2000765963648
2001880812033
2001880812033
2000761391971
2000222382258
2000290296242
2000290296136
2000765911335
2000989707301
2000998825300
2001880383014
2000766081051
2000761706034
2000761583109
2000290317435
2000290317435
2000761706027
2000290317442
2000989515081
2001880862915
2001880810343
2000999672514
2001880467929
2000989506713
2000129993113
2000129993113
2000129981332
2000129982247
2000129982247
2000129982254
2000222532387
2000130840727
2001880263231
2001880263231
2000765869179
2000765869179
2001880215506
2000130294254
2000999689178
2000999210372
2000999283048
2000999283048
2000999283048
2000999283048
2000999283048
2000999283048
2000999459061
2000999459030
2000998835125
2000290542493
2000761532107
2000761532107
2001880781544
2000130869957
2000761452269
2000999783609
2000290400748
2000761401106
2000290187816
2000761698773
2000761452252
2000290237450
2000761522122
2000290401431
2000290546736
2000129756374
2000290467048
2000290467048
2000290467048
2000129756374
2000129759436
2000290278378
2000290322521
2001880717994
2000766028353
2000999050299
2000290465990
2000290465990
2000290260502
2000998825287
2000999100512
2000999876356
2000999100666
2000999967177
2001880668555
2000989430100
2000989430100
2000999406928
2000989390824
2000999353062
2000765915395
2000761416803
2000290322767
2000130372969
2001880149566
2000999646447
2000290535570
2000290322392
2000290260717
2000999277405
2001880819766
2001880819766
2001880883408
2000762976108
2000762955127
2000762676817
2000762954465
2000762958289
2000762958289
2000762954465
2000130070681
2000989434481
2000290450224
2000761524263
2000130924755
2000999174872
2000999174926
2000130832791
2000999267697
2000762878495
2000762878495
2000766248393
2000766248393
2001880874307
2000999277412
2000761429940
2000761429940
2000761429940
2000999986130
2000999811975
2000761664419
2000999278747
2000999345340
2000999345340
2000989689058
2000989689058
2000989689058
2000130615226
2000130615226
2000130615226
2000222369679
2001880782633
2000989441175
2000989441175
2000290519839
2000130414706
2000290295924
2000761452924
2000290198515
2000999499883
2000222528304
2000999390456
2000999390456
2000766232897
2000765707075
2000761535160
2000009647488
2001880708565
2000222487694
2000129751591
2000290251142
2000222497266
2000761435743
2000009682335
2000222351766
2000222351766
2000009639322
2000129770622
2000761535160
2000290537666
2000290537666
2000290184938
2000222349039
2000129945716
2000129897114
2000130867649
2000130913186
2000130922935
2000222527383
2001880178313
2001880756771
2001880756771
2000290296648
2000999496066
2000999855887
2000290391190
2000290391190
2000290391190
2000999674198
2000222374086
2000999126871
2000999126871
2000222518220
2000761539946
2000999951299
2000999812224
2000999686962
2000999686962
2001880645839
2001880645839
2000129999603
2000130001036
2000009633412
2000009633412
2001880831461
2001880552007
2000999127168
2000761639608
2000999619427
2000129903341
2000129903341
2000222348117
2000222349343
2000129989666
2000290262179
2000222504728
2000222504728
2000222511344
2000222469492
2000290251159
2000222469508
2000222469508
2000290466010
2000222469492
