2000762963399
2000762963399
2000761394491
2000761443533
2000761364722
2000761600547
2000761600547
2000761600547
2000761600547
2000222633336
2000290164251
2000989727057
2000222272085
2000222272085
2000290441581
2000765995946
2001880708572
2000989459682
2000222364513
2000222364513
2000130869711
2000222382661
2000130933191
2000761525864
2000761525864
2001880670879
2001880670879
2001880670879
2001880670879
2000989459163
2000762973633
2000998923914
2000998923914
2001880891663
2001880891700
2001880891687
2001880670879
2001880670879
2001880670879
2001880670879
2001880670879
2001880670879
2001880670879
2001880670879
2001880670879
2001880670879
2001880670879
2000989689065
2000999266553
2000999266553
2000999855894
2000761582157
2000222379241
2000761429629
2000989570301
2001880874291
2000989717140
2001880800771
2000129807854
2000290184914
2000761429629
2001880196829
2000762764644
2000999670640
2000999887147
2000766232194
2000290262124
2000761443809
2000290272796
2000222632551
2001880138515
2000999663529
2000290246308
2000999663529
2000766248249
2001880874260
2001880874260
2000762759671
2000999277436
2000766027332
2001880522598
2001880197277
2000762949904
2001880558788
2001880768378
2001880804328
2001880804328
2001880804328
2001880804328
2000761527189
2000761634399
2000761614445
2000761394514
2000761394514
2000766050408
2000130847603
2000999240362
2000129750518
2000290535594
2000290535594
2000761395979
2000999623097
2000999667459
2000999667466
2001880668593
2001880610875
2000290198430
2000130598390
2000130598390
2000130105253
2000130105253
2000129761408
2000129790576
2000129978936
2000129989871
2000129758620
2000129754202
2000222275451
2000130746005
2000222518510
2000129992116
2000761669759
2000009647945
2001880781520
2001880753305
2001880668586
2001880734007
2000290281637
2001880579868
2000129760654
2001880609428
2001880185816
2000999127014
2000989727088
2000989727088
2000222491943
2000129778475
2001880645907
2000999100499
2000130448893
2000999619595
2000999054303
2000009688603
2000009688603
2000762900691
2000762900691
2000999986185
2000130834375
2000130148342
2000999363580
2000999268199
2000765989068
2001880544668
2001880544668
2001880197581
2000999674228
2000999876103
2000999525223
2000999525216
2000999525216
2000999619601
2000999619601
2000999674228
2000999525247
2000999686955
2000999500275
2000999500275
2000999500275
2000999500275
2000999500275
2000999500275
2000999500275
2000999500275
2000765802015
2000999525230
2000999525230
2000999525254
2000999674259
2000999525247
2000999619557
2000999619557
2000989451525
2000989441267
2000999363900
2000009678758
2000766248522
2000129747396
2000129747396
2000761711953
2000761711953
2000222240299
2000222436098
2000222436098
2000290357295
2000290357295
2000290209518
2000290209518
2000290272802
2000130948973
2000999663543
2000761355683
2000290260083
2000222510934
2000222510934
2000222510934
2000222364698
2000762690462
2000222473055
2000222473055
2000762763852
2000762833081
2000129753267
2000222645858
2000222645858
2000761429865
2000761429865
2000762925199
2000762925199
2000129758965
2000222645858
2001880467974
2001880794339
