2000130151663
2000999887253
2000999660054
2000766248201
2000762955530
2000999267819
2000989476290
2000762963870
2000989694045
2000762963863
2000999280153
2001880676284
2000762963856
2000766004623
2001880467950
2000999876127
2000989459354
2000999277443
2000130913643
2001880798382
2000765915678
2000762955592
2001880244797
2001880244797
2001880244797
2001880244797
2001880244797
2001880244797
2001880244797
2000999177774
2000999177774
2000999177774
2000999177774
2000999177774
2000999177774
2000999177774
2000999177774
2000999177774
2000999177774
2000999177774
2001880244797
2001880244797
2001880244797
2001880244797
2001880244797
2001880244797
2001880244797
2001880244797
2001880244797
2001880328169
2000290375602
2001880668562
2000762870550
2000999641862
2000999641886
2001880197956
2001880886119
2001880886096
2000290282269
2000129988683
2000761417527
2000129988775
2000129988775
2000766232989
2000766232989
2001880394225
2000130353081
2000999524639
2000761570239
2000989554110
2000766148594
2000766148594
2000765865904
2000765865904
2000761561275
2000761561275
2000999619007
2000999619380
2001880137600
2000989430803
2000762679610
2000762679610
2000998994679
2000999540714
2000999540721
2001880148538
2000130920443
2000009643961
2000999390616
2000999266591
2000999969737
2000999665073
2000290450507
2000290450507
2000130885391
2000762768147
2000761589064
2000761640055
2000765934815
2000761435866
2000761435866
2000762951600
2000762878136
2000762676527
2000762707948
2000762707948
2000762707948
2000761535351
2000761535351
2000761412928
2000761670083
2000761670083
2000761437136
2000761437136
2000762969322
2000762865365
2000762878136
2000765794563
2000765794563
2001880571961
2001880671043
2001880671043
2000762865365
2000761423337
2000766139707
2001880658372
2001880658372
2000999847882
2001880717970
2001880697616
2000999646348
2001880542961
2001880874871
2001880874871
2000765963631
2000129983121
2000129983121
2000290435054
2000290435054
2001880874239
2000222237626
2001880794186
2001880794186
2001880794193
2001880794193
2001880579844
2001880579141
2000290418521
2000130777542
2000290536195
2000290536195
2000290466027
2000290466027
2000222382708
2000130764856
2000998994464
2000762871830
2000762871830
2001880467820
2001880743689
2001880744440
2000762763623
2001880462627
2000130578439
2000129751379
2000129982520
2000009626438
2000009626438
2000129976734
2000129752147
2000290328530
2000129982865
2000129747747
2000129986351
2000999197871
2000998939588
2000762958371
2001880150678
2001880196539
2000999664922
2000999664922
2000762891005
2001880874277
2000761592477
2000999002502
2000761585806
2000999976339
2000290309492
2000999645976
