2000989458050
2001880565847
2001880781476
2001880245596
2001880543012
2001880467844
2000999494505
2000999280276
2000999451133
2000989514640
2000999099144
2000999627262
2001880670923
2001880670923
2000130850009
2000130850009
2000222617145
2000766233283
2000762898110
2000129774415
2000129993007
2000761664969
2000999002854
2000999002854
2000999002854
2000999002854
2000999002854
2000999107603
2001880609213
2000222240398
2000999278518
2000999278518
2000999278518
2000999278518
2001880380167
2000998825683
2000998825683
2000999619533
2000999090790
2000999619526
2000999619526
2000999185595
2000999278778
2000999127090
2001880199127
2000999278785
2000999090790
2000999847783
2000998825683
2000009615722
2000009615739
2000290328288
2000761416100
2000765963549
2000129790712
2000290237313
2000290388039
2000290168150
2000998822033
2000761533814
2000761664952
2000290343854
2000290419160
2000130480985
2000222384221
2000129774583
2001880754784
2001880754784
2001880874796
2001880609565
2001880582592
2000999812392
2000999847820
2000999811630
2000999811630
2001880484100
2001880484100
2001880337789
2001880337789
2000999811630
2001880754784
2000999812392
2000999812392
2001880754784
2000999812392
2000762948310
2001880769900
2000999855900
2000999855900
2001880367625
2000222491868
2000222491868
2000222491868
2000129987020
2000290260472
2000999020735
2001880781612
2000129756268
2000765801919
2000009615487
2000290401424
2000222269450
2000999020742
2001880858659
2000762865181
2001880196744
2000129946188
2000009744972
2000999663796
2000766070086
2000989487357
2000290246322
2000290273441
2000762697164
2000130850016
2000762762633
2000762762633
2000762762633
2001880403071
2001880403071
2000222497440
2000222497440
2000222497440
2000222497440
2000222497440
2000222497440
2000222497440
2000999279089
2000999279089
2001880338175
2001880337109
2001880593239
2000130221793
2000762759855
2000130068091
2001880754845
2000761522382
2000761522382
2000761522382
2000130376912
2000999672590
2001880158346
2000222523699
2000765801896
2000765801896
2000290297591
2000999127250
2000999812606
2000762895232
2000999127021
2000290297591
2000762895232
2000761355690
2000290352566
2000130924069
2000130924069
2000130924069
2000761443670
2000766149126
2000761355751
2000761626813
2000766149461
2000290520460
2000130537313
2000999054242
2001880754852
2000290295948
2000222281933
2000989458692
2000989457954
2000989458012
2000989458388
2001880544699
2000290530339
