2001880150654
2000999267765
2001880196737
2000999266652
2000999667565
2000999267901
2000761627148
2000999812347
2000290466911
2000766248324
2000999674402
2001880831454
2000222262321
2001880768361
2001880701849
2000290358612
2000999684418
2001880365881
2001880196942
2000999110979
2000999127045
2000999887291
2000999641572
2000999641565
2000999367496
2001880484322
2000130890371
2000761356789
2000222454771
2000999172762
2000999090776
2000761383440
2000129972590
2000999373817
2000222451879
2000290227550
2000222628455
2000222634982
2000765934853
2000765934853
2000290227550
2000222634982
2000290194418
2000290194401
2000290227543
2000989555063
2000999815973
2001880582738
2000998904869
2001880750595
2001880750595
2001880750595
2001880342059
2001880467318
2000009632828
2001880744808
2000130913100
2000290524956
2000999406645
2001880838576
2001880744532
2000999003738
2001880147791
2000999449895
2000999100420
2001880147531
2001880747649
2001880838552
2001880747632
2000761383426
2001880838569
2000222522920
2000762855724
2000290296259
2000129782045
2000290233902
2000766199350
2000130777559
2001880744525
2000130757117
2001880149078
2001880147173
2000999812415
2001880744525
2001880427626
2000999505713
2001880212789
2000999505713
2000989314530
2001880750267
2000761521781
2001880149740
2000999367335
2000222492377
2000130667492
2000761639622
2001880748431
2000761358820
2000290437072
2000762956056
2000762956056
2001880831492
2000999490569
2000999490569
2000999490569
2000761524249
2000129903655
2000762863606
2000222540504
2000762774605
2000762774605
2000762774605
2001880837203
2000761453365
2000290278545
2000290344905
2001880786792
2001880786792
2001880781513
2000765919621
2001880212758
2000761669766
2000290198461
2000290198461
2000999664748
2001880743696
2000290387919
2000290282665
2000762707795
2000998810597
2000999082962
2000290402346
2000761355300
2000766248485
2000989391043
2001880794087
2001880794087
2001880805943
2001880717987
2000009638561
2000009638561
2000290290769
2000761452382
2000009654042
2000129767783
2000130609614
2001880197017
2000009743579
2000009743579
2000009743579
2001880617751
2000999373824
2001880305313
2001880668517
2001880668517
2000009634181
2000290188370
2000765963457
2000222647470
2000290194111
2000129989383
2000999048814
2000762767515
2000762953154
2000129989024
2000009605129
2000009605129
2000222518633
2000222382753
