2000130579290
2000222461601
2000290256079
2000290256079
2000290256079
2000130605883
2000290256079
2000130890982
2000009616569
2000009616569
2000009616569
2000009616569
2000009616569
2000130258539
2000130892207
2000222528472
2000761429667
2000761429667
2000222407104
2000290344950
2000290344950
2000129765161
2000761549808
2001880701726
2001880701726
2001880701726
2001880701726
2001880701726
2000989382706
2000989382706
2000989382706
2000989382706
2000989382706
2000989382706
2000989382706
2000999049552
2000989554134
2000998924089
2000998924089
2000999960093
2000999960093
2000130002330
2000761636799
2000989727279
2000009639698
2000009632408
2000130002330
2000009632408
2000999847967
2000999847967
2001880692192
2001880135767
2001880212734
7048880212734
2001880142222
2000762770638
2000762770638
2000999050374
2000999050374
2000762770638
2000989727279
2000762770638
2000762770638
2000761636799
2000761636799
2000989554127
2001880178276
2001880394393
2001880394393
2001880394393
2001880782718
2001880782718
2001880178283
2001880394409
2001880782718
2001880782718
2001880782718
2000762863668
2000762863668
2000222611853
2000222611853
2000222611853
2000222611853
2000999271175
2000999271175
2000762863668
2000989554127
2000989554127
2000999345364
2001880698514
2001880874529
2000129765161
2001880698514
2000999499906
2001880875007
2001880148149
2001880763502
2000999451447
2001880366017
2001880469565
2001880167294
2001880522550
2001880747038
2001880586859
2001880367212
2000761355522
2001880167300
2000222617435
2001880879289
2000999197789
2000130885711
2001880167300
2000999949241
2000999489730
2000999499869
2000999499869
2000762894754
2000999499869
2000989446224
2000999082924
2000129916051
2000130380858
2000129764805
2000130223186
2000761640147
2000761640147
2000761535467
2000761561329
2001880195037
2000761640147
2000999496035
2001880394676
2001880394676
2000998825447
2001880558511
2001880874987
2001880874765
2000998825447
2000765919515
2000761561329
2000765919515
2001880782855
2001880782855
2001880558511
2001880379956
2001880469299
2000999875786
