2000999951145
2001880394652
2001880838293
2000999951145
2001880365157
2001880481345
2001880227042
2001880735820
2000130028347
2001880578397
2001880804410
2000999951145
2001880178252
2000999951145
2000999951145
2000999951145
2000999951145
2001880875014
2001880875014
2000999886980
2001880178146
2001880146534
2000999406614
2000999406614
2000999406614
2000999406614
2000999406614
2000999406614
2001880394799
2000766027417
2000989378297
2000989727262
2000989727262
2000999266690
2000999406652
2000761588975
2001880874772
2001880874772
2001880874772
2001880754791
2001880197925
2000998844691
2000999684432
2001880582608
2001880864643
2001880864643
2000999117770
2001880366284
2001880578403
2001880578403
2000999626210
2001880671005
2001880671005
2000999985829
2000989555230
2001880582615
2001880582615
2001880582615
2000989441298
2000989441298
2000989378938
2001880147357
2000999020827
2000766149416
2000999542305
2000765915531
2000989555254
2000761533845
2000999887239
2000999812385
2001880157875
2001880366260
2000999959998
2001880212772
2001880212772
2000129761019
2000999100529
2001880379963
2001880379963
2000999951336
2000999985829
2000129759481
2000999886997
2001880579974
2000999050657
2000999267734
2000999951145
2001880364778
2001880364778
2001880804427
2001880178030
2001880804311
2001880178030
2000999875922
2001880804311
2000999887062
2001880364624
2000999887048
2001880196850
2001880178108
2001880571886
2001880701917
2000129947413
2000999886942
2001880146534
2000999886942
2000999887031
2000999886959
2001880365157
2000129947413
2001880582776
2001880196454
2001880469527
2000999960185
2000999960178
2000762894815
2000762894815
2001880559037
2000762894815
2000762894815
2000762894815
2000762894815
2000762894815
2000762894815
2000762894815
2000762894815
2000762894815
2000762894815
2000762894815
2000762894815
2000762865327
2000762894815
2000989727286
2000762865327
2001880782657
2001880708527
2001880708527
2000762865327
2000762865327
2000989727286
2000762914957
2000762914957
2000762914957
2000762914957
2001880227394
2001880227394
2001880227394
2001880227394
2001880227394
2001880227394
2001880227394
2001880227394
2000998844967
2000998994365
2000998924195
2000989707677
2000998994365
2000989689171
2000989689171
2001880837432
2001880865299
2000999812453
2000999623011
2000999975837
2001880196775
2000999876196
2000999494222
2000998993191
2001880245503
2000999494239
2001880383090
2001880383090
2001880782299
2001880623752
2001880469725
2001880469701
2001880839818
2001880572968
2001880558771
2001880865329
2000999619045
2001880365867
2000999951169
2001880743733
2000222504735
2000290193244
2000290524413
2000222378565
2000222646183
2000130949130
2000222647654
2000009627435
2000222647678
2001880786853
2000998832483
2000999489716
2000999949234
2000761386304
2000762843035
