2000130267968
2000130267968
2001880609749
2001880744471
2000999967290
2000999500138
2000999812866
2001880877544
2001880877544
200499913
2000222360812
2001880197130
2000999646232
2001880472435
2001880579905
2000989682721
2000989682721
2000989682721
2000130267968
2000130267968
2001880557248
2001880744174
2000989682721
2001880473289
2001880837425
2000999673948
2000999267208
2000290461749
9780765865461
2000989682721
2000989682721
2000989682721
2000989682721
2000989682721
2000989682721
2000765979694
2000999959905
2000999959905
2000999959905
2000999959905
2001880865275
2000290226911
2000761550453
2000761587626
2000290279030
2000762765894
2000290546798
2000290260281
2001880458095
2001880645860
2000766070802
2001880148132
2000999975691
2000129742339
2000999382482
2000999382482
2000129903280
2000999267758
2001880874246
2001880874253
2001880891724
2001880664663
2000762676251
2000999959905
2000989377979
2000989488811
2000989446194
2000765979694
2001880837395
2001880837395
2001880837395
2001880874819
2001880874819
2001880782794
2001880782794
2000999876233
2000999876233
2000999049620
2000999876233
2000129740274
2000999812934
2001880804472
2001880701719
2000999524530
2000999049637
2001880328190
2000999619069
2000999390593
2000989441083
2000762768093
2001880593161
2001880593161
2001880858673
2001880858673
2001880484087
2001880484087
2001880593178
2001880593161
2001880593178
2001880481390
2001880481390
2000999847998
2000999524424
2000999185625
2000999185625
2001880579691
2001880484902
2000999368035
2000989487210
2000989487210
2001880157882
2001880157882
2001880157882
2001880157882
2001880157882
2000290322361
2000222374109
2000222436623
2000999664991
2000999876066
2000999985706
2000130677361
2000130677361
2001880544804
2000999619021
2000999060991
2000999876301
2000999876301
2000999185632
2000999619021
2000999060991
2001880522475
2001880522475
2001880544774
2001880544774
2000762763517
2000762763517
2000130826080
2000999619021
2000999619021
2001880472022
2001880472022
2001880394485
2001880579202
2001880579196
2000762763517
2000998994648
2000999500084
2000999049842
2000999049842
2000999967320
2000999464553
2000999464553
2001880754944
2001880754944
2001880754944
2001880754944
2000999848032
2001880394492
2000999646584
2000999646577
2001880367229
2001880558641
2001880380112
2000999654046
2001880891717
2000999363269
2000999363269
2000999967207
2000999967245
2001880544835
2001880544835
2001880146695
2001880197109
2001880394614
2001880523236
2001880197086
2001880389337
2000999646379
2000999664854
2000999654718
2000999267673
2000999390562
2000009649277
2000009649277
2000999280627
2000998832476
2000999619328
2001880747175
2001880142147
2001880458118
2000999363887
2000998852368
2000765919928
2001880157875
2000999694400
2000290543384
2001880592935
2000290543384
2000989451518
2001880609879
2001880468735
2000999887314
2000998924058
2001880468735
2001880592935
2001880157912
2000999117947
2001880379970
2000999278471
2000290164626
2000762890992
