2001880522611
2001880178337
2001880196126
2001880196126
2001880458286
2000999951213
2000766166161
2000766166161
2000999268052
2000999177972
2000999268052
2000290421668
2000290421668
2000761416476
2000762900882
2000989689003
2000989689003
2000761599179
2000762676534
2000130945743
2000130945743
2000765870281
2000762878181
2000762878181
2000762878181
2000999983511
2001880593260
2001880406188
2001880149153
2000999496127
2000999007019
2000999007019
2000989389873
2001880522505
2000999812477
2000999645907
2000999645907
2001880212802
2001880212802
2001880212802
2001880212802
2001880212802
2000999673696
2000999816055
2000999816055
2000999359743
2001880804335
2001880804335
2001880804335
2000999876462
2000999539367
2000999462993
2000999986000
2000999986000
2000999539336
2000999848001
2000999812477
2000999812477
2001880458408
2001880469589
2000999811951
2000999811951
2000999847875
2000999847875
2001880833557
2001880737039
2001880227325
2000999847868
2000999619083
2000999619083
2000999619083
2000999986246
2000999054501
2001880619236
2001880824937
2001880619229
2000222519173
2000999673870
2000999645921
2001880571947
2001880658549
2001880142215
2000999686894
2000999082818
2000999951244
2000999496042
2000999664809
2000999500237
2000999708893
2000999674211
2000999500237
2001880481314
2000999449970
2000999345432
2000999345432
2000999345432
2001880481314
2001880481314
2001880481314
2001880481314
2001880481314
2001880481314
2001880782664
2001880782664
2001880782664
2000999500251
2000999500251
2001880157905
2000999960031
2001880582660
2001880582660
2001880582660
2001880582660
2001880582660
2001880582660
2001880782664
2001880782664
2001880782664
2001880782664
2001880328558
2001880148026
2000999985867
2000999449970
2000999500237
2001880185991
2001880458392
2001880328565
2000999960048
2000999951251
2001880227318
2001880671029
2001880671029
2001880671029
2001880671029
2001880684319
2001880684319
2001880744679
2001880744679
2000999686863
2001880557101
2001880557101
2001880782329
2000989453703
2001880178306
2000999267741
2001880197383
2000762878297
2000762878297
2000989707578
2000989707578
2001880227332
2001880227332
2001880227349
2001880227349
2001880227356
2001880227356
2001880571954
2001880381867
2000999622700
2000998969103
2000998969103
2001880469329
2001880469329
2000999812002
2000999812002
2000999619151
2001880469336
2001880522581
2001880328428
2000999847929
2000999363634
2001880381850
2000989454588
2000989682677
2000989682660
2000989516699
2000989682639
2000989516637
2000989682691
2000989682707
2000766028568
2000766138953
2000989682684
2000999816024
2001880586422
2000999667251
2000998821883
2000989516668
2000998821852
2000989516682
