2000999494789
2000009616408
2000129781345
2000999645846
2000009613896
2000009613896
2000290412338
2000999967191
2000999049989
2000999496011
2000999182501
2000999986239
2001880840203
2001880658488
2000009631685
2000999619465
2000129947505
2000761429650
2001880328367
2000130413907
2001880469510
2001880782909
2001880876301
2000761393623
2000766027899
2001880473104
2000999450037
2000999450037
2000999623042
2000999525056
2000999629051
2000762949027
2000290297041
2001880473111
2001880367380
2000999266560
2000761540218
2001880458507
2001880768521
2001880367397
2001880522567
2001880366291
2001880756788
2001880544828
2001880876264
2000999347405
2000762707955
2001880744075
2000762960756
2000762960756
2000290536294
2000290328295
2000290328295
2000290328295
2000222374031
2001880458538
2000999406935
2000999406935
2000761463784
2000999634260
2000989453437
2000999236747
2000999983405
2000999267772
2000290280289
2000999099168
2001880522628
2001880756603
2001880582523
2001880864339
2001880839429
2000999177873
2000766020654
2000129747211
2001880468711
2001880394713
2001880468711
2000761422460
2000290209952
2001880747168
2000999352157
2001880469022
2001880227110
2001880837401
2001880581281
2001880185953
2001880185953
2001880469022
2001880365393
2001880365393
2001880756627
2001880756610
2001880756610
2001880581267
2001880469053
2001880469053
2001880581274
2001880581243
2001880581229
2001880178153
2001880178153
2001880178184
2001880365409
2000129764188
2001880365386
2001880227110
2001880744693
2001880581250
2001880756627
2001880581236
2001880457616
2001880457616
2001880744686
2001880744686
2001880782305
2001880736544
2001880578519
2001880481239
2000999875915
2001880544743
2000999875915
2000999847806
2000999985720
2001880756634
2000999847806
2001880736544
2001880756634
2000129768261
2000129764171
2000129767059
2000129751492
2000999524493
2001880328473
