2000130666020
2000999267963
2000999278662
2000761357298
2000222349534
2000222412467
2000999401640
2001880865305
2000999873690
2001880837364
2001880748677
2001880800887
2001880801358
2001880838125
2001880367519
2000762878501
2000999623103
2000999619632
2001880578571
2000130161242
2001880748653
2001880748660
2001880846786
2001880819865
2001880744907
2001880800894
2000999090851
2001880787089
2001880876295
2001880840227
2000999267970
2001880473067
2000762955219
2000999653995
2000761568526
2000999876325
2000999664861
2000999664861
2000999664861
2000999664861
2000999664861
2000999664861
2000999951121
2000999951121
2000999664861
2000130930282
2001880858772
2000989674993
2000989674993
2000009614947
9785170920006
2001880463280
2000989554691
2001880840210
2000999812330
2000999090622
2001880458569
2001880744891
2001880195556
2000999363443
2001880178092
2001880463310
2001880463303
2001880463303
2001880744822
2001880463273
2001880821493
2000130161259
2000130161259
2001880671104
2001880671104
2000999876271
2000999673726
2000999887215
2000999462979
2000999462979
2000999812446
2000999876455
2000999664953
2000129760746
2001880463242
2000766201282
2001880185939
2000290193169
2001880394270
2001880394270
2001880394270
2000999812446
2001880463327
2001880463327
2001880366383
2000999664847
2001880458552
2001880458583
2000290201864
2000762902626
2000129747280
2000009617061
2000009742640
2000129983732
2000130443485
2000999646539
2000999002786
2001880747151
2001880328343
2001880328343
2001880149177
2000999967122
2000999406621
2000999539343
2001880328480
2001880328480
2001880328480
2000129772367
2000130223728
2000129978462
2000009617535
2001880544675
2000129976628
2000129977472
2001880708251
2001880227141
2000009682595
2000999006968
2000999267857
2001880839849
2001880768033
2001880768033
2000999006951
2000999006951
2001880366413
2000999967023
2000999177859
2000999407093
2000999363757
2000999674136
2000761416124
2000009634334
2000129979056
2000009614336
2000009687125
2000999406577
2000998825676
2000998825676
2000998825676
2000998825676
2000998825676
2000998825676
2000999406577
2000999406577
2000999406577
2000999406577
2000999406577
2000999082733
2000999082733
2000999082733
2000999082733
2000290388114
2000009743746
2001880839863
2000129806840
2000761436863
2000290461848
2000290465853
2001880558528
2001880744747
2000130933429
2000130933429
2000766167250
