2000129739353
2000762852617
2000762774605
2000130839172
2000762951273
2000765980584
2000130913735
2000130913735
2000761391995
2000130839226
2000290164305
2000762671430
2000290418880
2000290388923
2000761549976
2000761360533
2000009639551
2000762870727
2000009632873
2000766248317
2000762852709
2000761452443
2000989441236
2000762863576
2000762863576
2000290536171
2000762763548
2000762763548
2000222443324
2000761405371
2000222288109
2000130927459
2000130927442
2000290436327
2000761669476
2000989434283
2000290192612
2000290280289
2000762773790
2000761355317
2000762934443
2000130922706
2000761669476
2000762763548
2000222379999
2000222528106
2000222528106
2000222460994
2000766149140
2000762948891
2000129807663
2000290264869
2000290251081
2000290461794
2000129995056
2000222648194
2000222378206
2000761358844
2000761401120
2000009605112
2000989441052
2000989683285
2000130811994
2000762895010
2000761416254
2000761356888
2000290421194
2000761699008
2000761699008
2000999054389
2000999054389
2000761626998
2000762768130
2000761606631
2000130600222
2000761429803
2000009645187
2000762842816
2000290261974
2000761452368
2000998994747
2000290295917
2000762891449
2000762689985
2000762944374
2000290412215
2000129771353
2000762852617
2000999663635
2000222348131
2000129805164
2000762960305
2000130147451
2000031842578
2000761599179
2000009741230
2000290279412
2000762924970
2000766248393
2000761590374
2000129772220
2000290535495
2000290535495
2000999003745
2000762924970
2000765934686
2000762914827
2000989441403
2000761434371
2000761405425
2000761585868
2000129764089
2000989554318
2000130221496
2000761646576
2000222385389
2000129755780
2000129935809
2000129912749
2000129755780
2000130777856
2000130147475
2000129767356
2000761590190
2000290194142
2000129755780
2000130413891
2000290165340
2000290357691
2000290348392
2000761392107
2000762852617
2000999172755
2000762844377
2000762832695
2000290309881
2000290295603
2000222514000
2000290226911
2000998911416
2000130886213
2000762949096
2000762949096
2000290415148
2000761360557
2000290519730
2000761430748
2000129903792
2001880469503
2000762751897
2000762751897
2000761561206
2000290388268
2001880472985
2000761524706
2000762844377
2000290405491
2000761358844
2000009741629
2000222278995
2000290250985
2000999267864
2000761626998
2000761590114
2000290262230
2000761586360
2000762765894
2000998924096
2000761715463
2000761400529
2000762969339
2000762852679
2000766078006
2000290391213
2000762768154
