2000222469416
2000222647685
2000290544145
2000761568533
2000761568533
2000130764818
2000130001272
2000129987341
2000129987990
2000999020810
2000130764825
2000130764825
2000290187762
2000290187762
2000222272122
2000222414867
2000761550965
2000762895850
2000290388855
2000766028315
2000765794723
2000999268359
2000290277456
2000222628448
2000761356314
2000765919478
2000290412352
2000290234084
2000009690569
2000130919881
2000129921598
2000129764553
2000130757094
2000290194456
2000130579610
2000129781505
2000130932439
2000130932446
2000766028261
2000222632742
2000130919881
2000222511412
2000762915343
2000762915343
2000762915343
2000290260205
2000222616476
2000222511405
2000129765956
2000762900899
2000130099408
2000130560663
2000762915060
2000130579566
2000766028278
2000290466775
2000290164244
2000762707962
2000762852679
2000290164244
2000290297539
2000290297539
2000129732941
2000129769138
2000009633559
2000009633559
2000130361499
2000009690552
2000009694338
2000009633597
2000009637373
2000009690521
2000009663716
2000009694321
2000009633900
2000130099415
2000009663815
2000009633573
2000766028513
2000222618722
2000130380810
2000009663761
2000009644395
2000761606228
2000761606211
2000009633580
2000129741066
2000129741066
2000129741066
2000222352664
2000761405746
2000761634429
2000031840819
2000031840772
2000766001806
2000222353616
2000129864529
2000129926999
2000762929326
2000129789822
2000222382999
2000998924355
2000762707986
2000130102061
2000129760555
2000222386287
2000129759269
2000129751089
2000130668659
2000130668659
2000129897527
2000222624488
2000129936080
2000761614506
2000761614506
2000129867186
2000129867186
2000762770577
2000762770577
2000129933478
2000130862415
2000998923808
2000222624594
2000222624570
2000761417787
2000031841533
2000031841533
2000031841090
2000290196276
2000130906782
2000290196252
2000290196252
2000290196252
2000290196252
2000130862514
2000130862514
2000130862514
2000130862514
2000290196245
2000290196245
2000031841083
2000130906706
2000031841151
2000129936646
2000765865447
2000762762787
2000762961678
2000031841762
2000031841762
2000989446491
2000766248515
2000766248515
2000761396464
2000761396419
2000762871168
2000129770646
2000765979465
2000765962917
2000290295566
2000762774612
2000761606587
2000761606587
2000761422392
2000761664426
2000761599636
2000290348712
2000222411668
2000129926890
2000290259957
2000129931641
2000129931641
2000761422392
2000130772127
2000290315080
2000290530575
2000290530575
2000989430780
2000761527165
2000761371928
2000761525482
2000129918741
2000129766908
2000129764263
2000130838700
2000129764263
2000129933928
2000129771100
2000129771100
2000130735900
2000129934529
2000129772954
2000129767547
2000130837673
2000130858432
2000129766397
2000129771247
2000130837680
2000130858517
2000129946478
2000222385211
2000129946300
2000129940162
2000129771513
2000129940155
2000130838441
2000129766342
2000009743272
2000129765765
2000129765352
2000129771612
2000130842967
2000129883988
2000762941878
2000129894410
2000129894410
2000130190679
2000129736208
2000130838519
2000130253596
2000130538358
2000009641608
2000129934536
2000129935267
2000129934673
2000129934673
2000130253596
2000130739052
2000129739391
2000129767134
2000129767134
2000129767134
2000762942004
2000761533159
2000130379562
2000130379562
2000222239187
2000130735986
2000129769442
2000130838526
2000129764096
2000130838175
2000222239217
2000222239217
2000129919625
2000129922069
2000130464220
2000129926784
2000129926784
2000130464183
2000130464282
2000130464282
2000130464282
2000130449289
2000130464275
2000130464275
2000130464213
2000130449296
2000130395227
2000130464213
2000130464213
2000129918741
2000129918741
2000129918741
2000129918741
2000129929891
2000129929891
2000031842455
2000129912411
2000129912411
2000129779830
2000129779830
2000031842455
2000130870076
2000130394466
2000129789181
2000130870069
2000129779816
2000129779816
2000129916853
2000129922304
2000129922304
2000129779663
2000129896117
2000129896117
2000129807120
2000129916853
2000129934611
2000129921833
2000290307825
2000290307825
