2000762894969
2000761614483
2000290234107
2000130947969
2000222279008
2000222279008
2000762707894
2000761606143
2000290279382
2000222470023
2000762768062
2000290322514
2000765865430
2000989707370
2000761356918
2000762676374
2000989441274
2000761634641
2000762905627
2000290543896
2000989439325
2000290227833
2000762708006
2000222540443
2000222540443
2000761520616
2000761459398
2000761459398
2000290400588
2000290322620
2000130413389
2000290357516
2000290357516
2000222506814
2000130868295
2000989441274
2000222499123
2000222615547
2000761455031
2000222370040
2000130885278
2000130616094
2000290418804
2000290418804
2000989707417
2000222506821
2000222261577
2000222469614
2000222415062
2000761639684
2000290400588
2000290436235
2000762773790
2000290279405
2000762894976
2000761356918
2000762774018
2000222519128
2000222519128
2000761463814
2000762707979
2000762895171
2000290543988
2000130003542
2000998924485
2000761532145
2000761520616
2000762671881
2000761713674
2000222499123
2000762846449
2000762846449
2000989434252
2000130868295
2000290543674
2000222385839
2000222393872
2000762763920
2000762763920
2000761600325
2000761600325
2000766070109
2000762844490
2000290461909
2000290461909
2000222437941
2000989487173
2000989487173
2000989487173
2000290461916
2000290461916
2000222618197
2000290434866
2000761452214
2000762977570
2000290353976
2000130430126
2000290436525
2000761405203
2000222489186
2000762706552
2000290450392
2000762676138
2000998994754
2000290388206
2000130613499
2000222365503
2000222365503
2000222365503
2000222365503
2000290233919
2000290519969
2000031842363
2000290165654
2000129776747
2000989487166
2000762915770
2000290530636
2000761586155
2000762855694
2000761592545
2000761713568
2000761626691
2000765797076
2000290251128
2000130947433
2000290168754
2000761626462
2000761532022
2000761664853
2000998923921
2000290185096
2000762870789
2000989441311
2000009615142
2000009615425
2000290251128
2000130613499
2000290235630
2000290235630
2000761626691
2000290272888
2000762978522
2000761455031
2000761455031
2000290187779
2000222632810
2000290322514
2000762873674
2000222364780
2000222507316
2000222287447
2000130756196
2000130428789
2000129750549
2000222527369
2000989441816
2000290170047
2000762916333
2000290357493
2000290357493
2000129915443
2000290228830
2000761532190
2000129993601
2000009614671
2000130606644
2000130861432
2000130903514
2000129774460
2000765865423
2000222393896
2000761712936
2000761640178
2000290415414
2000290363425
2000290251197
2000130777672
2000290447958
2000009632538
2000009632538
2000130598314
2000999118562
2000989710905
2000130430409
2000762895003
2000130599502
2000130258454
2000130468075
2000290465709
2000130667515
2000290208542
2000129804532
2000222647074
2000130099224
2000130070681
2000290237191
2000009624663
2000009624663
2000009624663
2000290448023
2000761660060
2000762915701
2000130599373
2000130599373
2000130599373
2000222622156
2000009617306
2000009617993
2000009626704
2000009626704
2000009626704
2000129747341
2000761588685
2000222511108
2000009649093
2000009643831
2000130739236
2000130001142
2000222262048
2000129737724
2000130002125
2000222617039
2000222617039
2000290234183
