2000999490446
2000999490446
2000999490446
2001880522642
2001880458521
2001880196485
2000999278242
2000222504421
2001880458606
2001880558115
2001880544781
2001880365966
2000130945774
2000989428084
2001880593246
2000999345609
2001880756979
2001880227523
2000999812668
2000999450006
2000999815959
2001880481369
2001880832284
2001880864322
2001880864322
2001880212666
2001880558658
2001880328398
2001880457937
2001880698491
2001880212697
2001880469428
2001880469435
2001880469435
2001880212673
2001880582707
2000761357038
2001880830266
2000999061110
2000999525391
2000999278693
2001880328107
2000999816086
2000999278693
2001880617843
2000999887154
2000999268168
2000999020889
2000989707530
2000290461077
2001880302138
2001880302138
2000762676398
2000989550419
2000761632326
2000989718314
2000766256381
2000766256381
2000766256381
2000989685388
2000989685371
2000222504414
2001880794094
2000998994372
2000999493584
2000999493584
2001880559020
2001880754937
2001880864650
2000999476464
2000999476495
2000999476624
2000222271941
2000761590763
2000761364418
2000999020506
2000999476624
2000999476648
2000761640383
2000999476464
2000999020469
2000999476631
2000989428008
2000761713025
2000999476594
2000766180365
2000762763906
2000999476570
2000761455215
2000761588173
2000762863729
2000999020520
2000999476631
2000222378886
2000999476693
2000290461978
2000766200049
2000999020421
2000989683476
2000999476525
2000761416575
2000290525175
2000290264852
2000290525175
2000998821814
2000762963436
2000762963436
2000762963573
2001880389542
2000766180464
2000989678298
2000989428053
2000130151069
2000222232829
2000766180372
2000761401618
2000762962590
2000999476457
2000762963573
2000222374079
2000762963573
2000761590633
2000999020414
2000999476686
2000999476686
2000762962781
2000999476488
2000766180488
2000989428060
2000290401448
2000762963603
2000762963603
2000999493591
