2000989390893
2000762774209
2000766232057
2000761417640
2000766003497
2001880193132
2001880193132
2000765935409
2000766233382
2000762689794
2000761535085
2000761535085
2000762706606
2000130578651
2000130212111
2000290450491
2000762695016
2000129752154
2000766233320
2000766233320
2000989434528
2000999001932
2000766248508
2000999050848
2000009647655
2001880842627
2001880842610
2000999117787
2000129914057
2000129914057
2000130162355
2000129915153
2000129912565
2000129894571
2000222240695
2000129946508
2000999813085
2000009742091
2000129990600
2000999002366
2000129712776
2000129712776
2000129757500
2001880367670
2000290451177
2001880768323
2000761364807
2000290194272
2000129764522
2000130418223
2000989315155
2001880874789
2000762832657
2000989707516
2000989707516
2000989707516
2001880874789
2001880874789
2000130480091
2000130480114
2000130480022
2001880831553
2000130264806
2000222633374
2000999353406
2000222647524
2001880672798
2001880782251
2001880782251
2001880782251
2001880782251
2001880782251
2001880782268
2001880782268
2001880782268
2001880174018
2001880174018
2001880174018
2001880174018
2001880174001
2001880174001
2001880174001
2001880174001
2001880174001
2000129755957
2000129778420
2000999476969
2000130777597
2000130361031
2001880654619
2000129712752
2000129712752
2000222506845
2001880891649
2001880891649
2000130089898
2000290338379
2001880227219
2001880227219
2001880875625
2000999812361
2000222549651
2000130611792
2001880895609
2001880895609
2001880895609
2001880895609
2001880701825
2001880864865
2000130070810
2000766062920
2000766062920
2001880687037
2000009615593
2000290435207
2000766149621
2000129780454
2000761391841
2000130578040
2000989459088
2000129991584
2001880802119
2001880701672
2001880838392
2000999118999
2001880837470
2001880701801
2000999812231
2001880672767
2001880672774
2001880782756
2001880892837
2001880892837
2001880864353
2001880578588
2001880747618
2001880747618
2000999857492
2000999857492
2000999857492
2001880708220
2000999510502
2000998850159
2001880838408
2001880873515
2000762895164
2000761371713
2001880617775
2001880754982
2001880858666
2001880858666
2000762864498
2001880891632
2001880891632
2001880831546
2000999772078
2000999453496
2001880379123
2000761463449
2000999683763
2000222407753
2001880864285
2001880365560
2000999524073
2000999524073
2001880579042
2000999083235
2000766002018
2000999664038
2000989442684
2000993010510
2000999664045
2000989442677
2000999083259
2000129778819
2000129778819
2000222490991
2000999467653
2000290519433
2000290519433
2000761588197
2000765870250
2000762878167
2000130578989
2000761640192
2000999624575
2000999624254
2000762694958
2000130413730
2000130848051
2000765913063
2000999664014
2001880212628
2000998833909
