2001880877513
2001880877513
2001880877513
2001880877513
2001880877513
2001880877513
2001880877513
2001880877513
2001880877513
2001880877513
2001880877513
2001880877513
2001880877513
2001880877513
2000998844844
2000989523949
2000998851057
2000998851057
2000998851057
2000998851057
2001880395703
2001880364938
2000999490545
2000999875847
2000999951183
2000999490552
2001880138553
2000999815898
2000989554462
2000222528236
2000999271526
2000999345371
2000129979674
2000129979674
2000222501703
2000130936215
2000009640281
2000009640281
2000009640342
2000009640274
2000009640335
2000009640151
2000999386930
2000009640212
2000009640151
2000009640274
2000999521270
2000009640304
2000290334005
2000999386930
2000009640304
2000009642858
2000009640267
2000009640168
2000009640250
2000222501741
2000999814471
2000009640199
2000999814471
2000222501741
2000009640250
2000130539423
2000130539409
2000130539409
2000761600684
2000762876217
2000762876217
2000999993152
2000999993152
2001880227240
2000999847707
2001880227240
2000765979427
2000762900684
2000762900684
2000222460987
2000761415899
2000761698780
2000765979427
2000999089886
2000999639951
2000999100635
2000999524714
2000998844912
2000999118395
2001880366741
2001880197024
2000999089756
2000129824059
2000290451207
2000761600684
2000009625264
2000129760579
2000290262056
2001880150104
2000762878082
2000130537337
2001880571978
2000761435828
2001880864278
2001880864278
2000761713636
2001880227363
2000761646484
2001880593277
2001880328374
2001880178115
2000999110610
2000999020674
2000762770621
2000999278570
2000290466348
2000290466348
2000761429827
2000290233919
2001880522512
2001880522512
2000766199329
2000290545890
2000290545890
2000130097213
2000290249781
2000762853324
2000762876217
2000989441045
2000998844899
2000762764866
2000765706887
2000998844622
2000762951853
2000290233919
2000129774880
2000762998216
2000999847936
2000999407079
2000762891012
2000762706491
2000999268014
2001880469459
2000989451600
2000762878471
2001880582684
2000761452801
2000762763463
2000765935645
2000761525475
2000762925946
2000999110825
2000762763449
2000762842991
2000762759411
2000765865843
2001880131912
2000762852662
2000762957060
2001880427510
2000762865471
2001880800610
2001880735851
2001880800597
2001880800634
2001880610042
2001880800634
2001880744266
2001880838354
2001880609473
2001880744280
2001880800603
2001880609589
2000999089435
2000762958562
2000762958562
2000762956728
2000762956728
2000222437903
2000222530321
2000290277234
2001880345753
2001880810985
2000130671284
2001880468667
2000999876042
2001880328237
2001880828928
2000129750648
2000761430977
2000762907478
2000762865211
2000762865211
2000762960435
2000762960237
2000762956698
2001880655951
2000999267475
2000999267925
2001880692314
2001880692307
2001880669781
2001880692352
2001880692253
2001880855764
2000130633428
2001880468759
2001880196133
2000762763173
2001880469480
2001880469480
2000762763180
2000989390916
2000762763180
2000290338188
2000222621883
2000999177880
2001880202995
2001880499043
2000989323167
2000762950672
2000762950610
2000762951259
2000762948969
2000762948372
2000762842038
2001880403705
2000766233030
2001880197826
2000999624551
2000999624551
2000999624162
2000999624162
2000766233047
2000765934785
2000766020722
2000989378570
2000761429834
2000765865874
2000222395593
2000763003438
2000762959927
2000765706993
2000765706993
2000762677180
2000762832619
2000762832893
2000761596963
2000762832893
2000763008945
2000762832619
2000762832619
2000762832893
2000762960350
2000762949089
2000766200094
2000762956681
2000766200094
2000762960350
2000761588326
2000129754608
2000762958463
2000762960244
2000762954496
2000999892011
2000998844899
