2001880578502
2000999673917
2001880364693
2000989457718
2000989459880
2001880397080
2000999466434
2000999466434
2000999815867
2000999815867
2000222378992
2000999847691
2001880578601
2001880748417
2000999673887
2000999673887
2000999673887
2000999673887
2000999673887
2000999466564
2000130613987
2000999406669
2001880744839
2001880744839
2001880744822
2001880846502
2000999466502
2000999466502
2000999466502
2000999466502
2001880579240
2001880610202
2000999673894
2001880178016
2000999466465
2000999625794
2000761422316
2000129762351
2000999284021
2000290435092
2000761642042
2000999847837
2001880746918
2001880746918
2000999664113
2000999887109
2000129995087
2000129896476
2000129995032
2000129995049
2000129995001
2000129995018
2000129995018
2000290388442
2001880227226
2001880227226
2001880846489
2001880846489
2001880195112
2000761592460
2000761357434
2000999466441
2000999466441
2000999686771
2000999686771
2001880837005
2001880837005
2000762964624
2000989457923
2000989457923
2001880227172
2000999847790
2000999673849
2000999673849
2000129747976
2000762845350
2000765963587
2000129985880
2000765913315
2000766080740
2000999960055
2000290319828
2000999466571
2000999466571
2000999466458
2000999466496
2000999466458
2000989459934
2000989459934
2000761459824
2000761437082
2000761401854
2000129994646
2000999283925
2000009743777
2000129984579
2000129752956
2000222528366
2000129747136
2000222528366
2000129983923
2000129752956
2000129984579
2000129774408
2000290279436
2000999887123
2000129759054
2000130001937
2000130777603
2000761536006
2000999969393
2001880579899
2000999466489
2000222518640
2000222616773
2000222518640
2000222518640
2000290466034
2000290281705
2000290441024
2000999283932
2000989719984
2001880195655
2001880227233
2001880195655
2001880578540
2000999986048
2000009639919
2000130481388
2001880782619
2000999875809
2000999887017
2000999875793
2000999673900
2000999875793
2000989458289
2000009649949
2000222237459
2000999280245
2000761669735
2001880578564
2000130948058
2001880782626
2001880578625
2001880365164
2001880365171
2001880365171
2001880365164
2001880782626
2001880364952
2001880364952
2000290251180
2000999284038
2000290435061
2000129986887
2000290440997
2000222352343
2000989457794
2000989457794
2001880365584
2001880557408
2000761435941
2000762915145
2000129985750
2000765963624
2000129996022
2000129995896
2000761670786
2000999283949
2001880196706
