2000290201918
2000290201918
2000290201918
2000761586391
2000761356130
2000761356130
2000765995908
2000999266805
2000999266805
2001880753282
2000290328660
2001880196577
2000999812682
2000999359651
2000222626116
2000766248188
2000766248188
2000130507705
2000761590220
2000761590220
2000222240497
2000761549921
2000989486619
2000989511878
2000989511861
2000222622521
2000290401417
2000222647975
2000290389050
2000762873049
2000762952188
2000130924793
2000762895355
2000130512440
2000761364760
2000290518962
2000762958661
2000762958166
2000989462514
2000290315158
2000290315158
2000290421712
2000290544626
2000290174151
2001880623745
2001880623769
2001880858796
2000222469966
2000130512341
2001880816727
2000765797755
2000989570653
2000999646270
2000766233061
2001880754869
2000762901131
2000999887284
2000999887284
2000130612713
2000766198049
2000762953024
2000762947931
2000129988720
2000999177217
2000999177217
2000222437187
2000130560564
2000129790972
2000129760883
2000129790682
2000129757418
2000222360874
2000999002519
2000765934792
2000989727156
2000999266799
2000130560465
2000130258867
2000130258867
2000998825324
2000290192629
2000765797830
2000989378075
2000765912943
2000999054396
2000765870328
2000765870328
2000989441199
2000989506423
2000989506423
2000009631609
2000009631609
2000130180090
2000765965680
2000998924539
2000761452016
2000761452016
2000130478418
2000999686795
2001880578649
2000129740632
2000761418524
2000290528138
2000290169782
2000290169782
2000222625997
2000222373973
2000765963426
2000762944176
2000999951176
8008855
2000222349121
2000222238678
2000130677118
2000222528328
2000130919027
2000130450100
2000130450100
2000222369792
2000222648309
2000290251067
2000130511672
2000762955165
2000761664433
2000761386687
2000129946768
2000999986642
2001880473432
2000999625251
2000989442851
2000761435606
2000989489269
2001880837449
2000129993205
2000761464033
2000761464033
2000222456195
2000290207033
2000999108945
2000129763105
2000129982162
2000761464026
2000999967092
2000999359668
2001880138539
2000999686856
2001880178139
2000999539299
2000999390715
2000999390715
2000130003160
2000130223346
2000290168631
2001880575358
2001880575358
2001880575358
2001880456961
2000989718925
2001880544460
2001880544491
2000761554130
2000129804549
2000129804549
2001880397011
2000999640896
2000766232439
2000761404800
2000129763099
