2000999539305
2000999708886
2001880522383
2001880837012
2000999960024
2001880579912
2001880457852
2001880469107
2001880469107
2000290328868
2000290297058
2000762878570
2000762878570
2000989434139
2000989434139
2000222276021
2000999278532
2001880212819
2001880579349
2000999686887
2001880800306
2000999450051
2000130855035
2000130478036
2000009693058
2000222407517
2000222497372
2000761550583
2000222276038
2001880580161
2000290339000
2000129997173
2000989689218
2000989489719
2000989489719
2000290194470
2001880227493
2001880684296
2001880366796
2000989713838
2000762952485
2000762948440
2000765797083
2000761521705
2000009689365
2000009691467
2000989489719
2000989489702
2000999959943
2000761640154
2000761422583
2000129988256
2000129989826
2000129989543
2000129988065
2000765705897
2000765705897
2000998923938
2000130825304
2000999951060
2000999951060
2000130920528
2000222461830
2000009616033
2000222461830
2000999985744
2001880617737
2001880617737
2001880617737
2001880617737
2000766232996
2001880178351
2000999967221
2000989728634
2000129780539
2000129780492
2000129823335
2000130671512
2000129861757
2000762871748
2000290328714
2000130671529
2000129780515
2000129780461
2000222287768
2000999061028
2000989429715
2000999619199
2000130189703
2000009744927
2000998944063
2000290188431
2000222502076
2001880403767
2000999061028
2000766232996
2001880582721
2001880582721
2001880469398
2000761401489
2000999406911
2000989689218
2000290178074
2000290178074
2001880792700
2001880792700
2001880792700
2001880792700
2001880792700
2001880792700
2001880792700
2001880792700
2001880838491
2001880810527
2001880196652
2000761590244
2000766252116
2000999267277
2001880365874
2000999847714
2000761590244
2000130666082
2000762676954
2000290185065
2000222632995
2000999524400
2001880328220
2000290266467
2000998923983
2001880457593
2001880245664
2000998993450
2001880698187
2001880698187
2000989707363
2000999640216
2000999812804
2000129751782
2000129823410
2000129823410
2000130903545
2000765919522
2000765919522
2000222374055
2000762895270
2000222461625
2000761357045
2000761357045
2000762958180
2001880820717
2000290354058
2000290354058
2000998923952
2000998923952
2000998923952
2000998923952
2000989449478
2000129747457
2000998924744
2000999177842
2000999177842
2000222261638
2000999462948
2000999876035
2001880756887
2000999266997
2000999876080
2000999626920
2000999684210
2000999684241
2000999684227
2000999684203
2000999624872
2000999626906
2000999626890
2000999684234
2000762952294
2000999684197
2001880511684
2000999886089
2000989515050
2001880481208
2001880158759
2000762763647
2000762763647
2001880821509
2001880701856
2000762842502
2000762842502
2000762676558
2000762763647
2000765988207
2000761401571
2000761401571
2000762871328
2000761569202
2000761659941
2000999197888
2000290261967
2000130256252
2001880865268
2000129779526
2000129974143
2000130560830
2000130597492
2000766248270
2000766248270
2000766248270
2000766248270
2000762954472
2000761357069
2000761357069
2000765795560
2000766232972
2000762842502
2000989433941
2001880178818
2001880178818
2000762865396
2000999462986
2000989553984
2000761698841
2000761698834
2000765797717
2000999847769
2000765802114
2000761712943
2001880227257
2001880846540
2001880227257
2000999959950
2000761698759
2000761698759
2000765915654
2000290389050
2000999390340
2000761713681
2000761713681
2000761713681
