2000129996688
2000765963525
2000762900837
2000129977700
2000129983091
2000129976772
2000129750754
2000222380063
2000222380063
2000129977588
2000129976765
2000129977496
2000999659966
2000762977631
2000129753694
2000762961104
2000762961104
2001880658624
2000129996688
2000999660283
2000762978522
2000009648843
2000999663642
2000999663642
2000130000015
2000290277807
2000222622088
2000129995803
2000766148570
2000766148570
2000761606778
2000999197857
2000762900837
2000762900837
2000762900837
2000009683363
2000290309751
2000222506692
2000130102412
2000130443409
2000130927480
2000290338386
2000130919140
2000999375354
2001880544521
2001880544521
2000129945327
2000130443393
2000290467109
2000762953642
2000762844254
2000129751812
2000130873442
2000222496504
2000130927473
2000130885100
2000999082955
2000130886138
2000222496504
2000999020780
2000999020780
2001880394690
2000999783715
2000999619304
2000999619304
2000761521897
2000762878303
2000766232750
2000761634597
2000761634597
2001880782800
2001880157981
2000761521897
2000130507477
2000130000411
2000129778482
2000290199451
2000130677378
2000290546897
2000222522579
2000762763654
2000762946293
2000290519976
2000290519976
2000766150016
2000762707788
2000999447129
2000130927534
2000130418261
2000999663741
2000762853362
2001880458576
2000222504292
2001880467295
2000761614230
2000761614230
2000762948884
2001880469305
2000130817934
2000762707788
2000762707788
2000762707788
2000130429243
2000999847745
2001880837982
2001880837982
2000999645860
2000290188455
2000765915647
2000999197864
2000009625752
2000009626209
2000009625066
2000766150016
2000766150009
2000766150009
2000999967351
2001880756948
2000762925076
2000999267246
2000999003042
2000762843141
2001880816598
2000762925076
2001880816598
2000999967078
2001880669910
2001880669910
2000762844636
2000765919768
2000762770645
2000765802251
2000761357120
2000761357120
2000290328943
2000761463463
2000762948884
2000129750327
2000290421767
2000999266850
2000766017760
2000989727149
2000761560452
2000989430278
2000761521651
2000762776180
2000762776180
2000762776180
2000222549637
2000222549637
2000222549637
2001880700316
2001880700316
2001880700316
2000999463112
2000130899084
2000130595436
2000130876368
2000222241883
2000130876344
2001880833533
2001880833533
2001880833533
2001880833533
2000130606637
2000999985836
2000222626192
2000130876351
2000130876368
2000130449968
2000762913998
2000762913998
2000222503479
2000290374377
2000130876351
2000130876368
2000761715357
2000765912936
2000765912936
2000762844490
2000761640390
2000761640390
2000999180996
2000762916319
2000290339260
2000222645797
2000130737881
2000130820439
2000130756998
2000130737874
2000130737850
2000130737867
2000130737843
2000130820439
2000761520500
2000761520500
2000762925151
2000762925151
2000762944299
2000130885414
2000765963518
2001880864315
2001880786785
2001880786785
2000130300399
2000130300399
2000999619649
2001880395710
2000999500206
2000761452955
2000290363531
2000999174889
2000999664779
2000999500206
