2000761405401
2000761364739
2000761402608
2000130736983
2000130736983
2000290528268
2000130737119
2000129895028
2000290188318
2000129823526
2000761364739
2000761405401
2000761391834
2000290544640
2000290251135
2000989430650
2000762844780
2000998994693
2000290237474
2000130430133
2000130479255
2000130736983
2000130736983
2000130737119
2000290188318
2000761391834
2000999243448
2000222276632
2000761422231
2000761589668
2000766232156
2000999267680
2001880196478
2000998825348
2000129823526
2000762677210
2000762878099
2000999359712
2000999524080
2000999668371
2001880617850
2001880782817
2000999998027
2000761560384
2000999998010
2000989707509
2000290328851
2000290536287
2000761463906
2001880699801
2000761526014
2000129762108
2000999359712
2000999407123
2000999660276
2000129753984
2000129753984
2000129764706
2000129749499
2000761560384
2000762959811
2000999998027
2000999998010
2000762960725
2000762960725
2000762960725
2000129935823
2000129749727
2000762949034
2000290316131
2001880699801
2000290174571
2000290465488
2000222528298
2000222528298
2000762959811
2000762960725
2000999628078
2000999628238
2000009678352
2001880185885
2000290278385
2000290278385
2000130212654
2000130162782
2000009678352
2000762763111
2000762878334
2000762763111
2000762878334
2000762763111
2001880185885
2000129763327
2000129763327
2000290315271
2000761443564
2000999815850
2000129749949
2000999664663
2000999664663
2001880874925
2000129771667
2000129764744
2000129763426
2000765865522
2000765801827
2000765797205
2000766020524
2000765979441
2000762853331
2000765797205
2000765865522
2000222382364
2000222382364
2000222382364
2000762915398
2000765706733
2000762768000
2000765797205
2000762894747
2000129769848
2000762763128
2000762842892
2000762958074
2000762690127
2000762690127
2000129998774
2000290391183
2001880379116
2001880379116
2001880468766
2000761615336
2000762960091
2000761355416
2000222618326
2000222407258
2000222382364
2000290188349
2000762853331
2000130256467
2000222503844
2000130667010
2000999020643
2000766011430
2000766011430
2000762960091
2000761615336
2001880467301
2000765962924
2000762690127
2000989511670
2000989390879
2001880544538
2000130924762
2000222628394
2000290535525
2001880865282
2000762844100
2000290316483
2000290262001
2000761560322
2000290322378
2000290530377
2000761614315
2000761614315
2000761614315
2000130389653
2000222485997
2000999116391
2000999368059
2000765979489
2000762774964
2000761386717
2000290199383
2000290295542
2000761416001
2000290295542
2000989569985
2000999177965
2000761540188
2000762764309
2000766081105
2000762949607
2000761405159
2000999626302
2000290296037
2000290322378
2000761713162
2000761713162
2000130389653
2000290530377
2000999980084
2001880576065
2001880449345
2000222353739
2000129895622
2000222537580
2000222648248
2000222537580
2000762867222
2000762867222
2000009691542
2000130735146
2000130147598
2000290401295
2000222540375
2000222349367
2000999663406
2000762838154
2001880763601
2000765967073
2000765869131
2000761614315
2000765869100
2000761586469
2000222528335
2000999875953
2000222288499
2000989726852
2000989726852
2000130890364
2000130919782
2000761640161
2000290545852
2000222537580
2000290546767
2000762867222
2000290291827
2000129895622
2000761437020
2000766248249
2000222369839
2000130429021
2000222648248
2000290250954
2000999847776
2000989727163
2000290291797
2000290281651
2000290266443
2000761586513
2000130430447
2000989378129
2001880581144
2000130945699
2000290291797
2000765963440
2000761532152
2000761578334
2000998945022
2000761553737
2000761553737
2000761553737
2000290239768
2000290237276
2000290281651
2000290266443
2001880552014
2000998825607
2000761586513
2000999390548
2000989554431
2001880582677
2000999811678
2000998924805
2001880469541
2000999020650
2001880617867
2000999127441
2000999020667
2000999847776
2000130928364
2000222374024
2000222374024
2000222443164
2000761540010
2000998825331
2001880551949
2001880551949
2001880551949
2001880593154
2001880593154
2000761711878
2000761711878
2000761711878
2000761599124
2000222241845
2000009626421
2000999359767
2000761711885
2000290304336
2000290304336
2000130633619
2000999054402
2000009694116
2000009694116
2000222374024
2000765706832
2000761711885
2000222443164
2000761586278
2000130928364
2000130928388
2000009741353
2000999243400
2000222628639
2000290530384
2001880469664
2000766077931
2000222383422
