2000999280245
2000998993375
2000766062968
2000999347092
2000999173721
2001880245589
2001880245589
2000766062913
2000766230688
2000766062883
2000766062883
2000989714743
2000999886348
2000761561305
2000999447082
2001880701689
2000009715873
2000290185003
2001880185946
2000999267918
2000761599209
2000290520217
2000130605814
2000129778734
2000129773784
2000761401816
2000222519210
2000290185027
2000999811807
2000766201275
2000222437729
2000222437729
2000290343779
2000222618791
2000761553287
2000766149690
2000999351006
2000290334333
2000290334326
2000766200582
2000290328707
2000222543260
2000999118364
2001880837326
2001880837456
2000290193626
2000290168983
2000290168976
2000290168976
2000222519005
2000999542381
2310290251050
2000762843042
2000222524030
2000222524030
2000222524023
2000222524023
2000999267369
2001880754975
2001880664809
2001880544705
2001880837029
2001880837029
2001880178177
2000999694394
2001880544484
2001880544484
2001880544484
2000989322856
2000999875939
2001880804465
2001880617898
2000290466805
2000222262307
2000999267369
2001880754975
2001880754975
2001880754975
2001880754975
2001880754975
2001880754975
2000009641097
2001880582653
2001880862151
2001880862151
2000762763050
2000762751880
2000762751880
2000762772953
2000999993145
2000762967021
2001880842559
2000290421309
2001880747021
2000999012754
2000999012754
2001880367120
2000989569954
2000989429555
2000989429555
2001880842511
2001880842542
2001880458453
2000999951077
2000989441045
2000762914766
2000999542275
2000989569954
2000290530254
2000989672098
2000129945891
2000761401113
2000222528137
2000761549938
2001880783203
2000222274775
2000130221687
2000989377771
2000009614978
2001880708596
2000009744064
2000009616194
2000762763081
2000222232645
2000009744668
2000009627039
2000989382720
2000290422399
2000290545166
2000290193237
2000222540337
2000222540337
2000762676145
2000290530254
2000130924458
2000290168808
2000222504223
2000290422399
2000999053610
2000290411911
2000290461756
2000222524337
2000129945631
2000989672098
2000761401113
2000761435545
2000290328950
2000761602916
2000999053610
2001880197666
2000009627039
2001880374852
2000761540133
2000290434866
2000290434866
2000130605722
2000290411911
2000290461756
2000290178180
2000222645728
2000290411911
2000009636567
2000009636567
2000009654431
2000989707479
2000765934655
2000129945891
2000761602916
2000762763081
2000999978388
2000999978449
