2001880783197
2001880834257
2001880848711
2001880874888
2001880892967
2001880874284
2001880858802
2001880867217
2001880879357
2001880782695
2001880782695
2001880862847
2001880743092
2001880743085
2001880508745
2001880754012
2001880575198
2001880783180
2001880755309
2001880874888
2001880818677
2001880874857
2001880167010
2001880246357
2000999506901
2000999506918
2001880659973
2001880848728
2001880451744
2001880879326
2001880879319
2001880879302
2001880879333
2001880763496
2000999053559
2000999177743
2000999280665
2000999503528
2001880862984
2000999280665
2000999177743
2000999672545
2000999451232
2000999672545
2001880862953
2001880862960
