2000999650390
2001880152207
2000766210666
2001880598722
2001880151484
2001880598746
2001880151491
2001880865374
2001880657061
2001880657061
2001880798320
2000989539551
2000999653124
2001880892059
2001880152061
2000766065457
2001880381706
2000290436556
2001880151606
2001880151606
2001880151668
2000999107306
2000761550538
2001880519604
2001880350559
2001880351419
2000290364064
2000999271601
2001880351358
2000989372684
2000989701415
2001880352201
2000761452085
2001880350566
2001880598838
2001880351341
2001880351396
2001880351402
2000999271601
2001880598784
2001880351266
2000222280899
2000999653049
2000761549723
2000761549723
2000999525957
2001880346514
2000999525957
2001880346491
2001880346484
2001880346507
2000999525964
2000999100505
2000999100505
2001880151361
2001880151347
2001880151385
2001880579929
2001880167881
2001880167881
2001880167881
2001880167881
2001880510281
2000989539544
2001880657603
2000999653087
2000999653278
2000999653421
2000999653308
2000989539551
2000989539544
2000989441359
2001880346477
2000999875144
2000989554929
2000761585875
2000989434207
2001880151415
2001880151330
2000989442875
2001880151446
2001880151392
2000999820021
2000761540393
2000761540393
2000761540393
2001880151323
2001880151354
2001880151309
2001880770913
2001880798108
2001880798092
2001880691584
2001880798436
2001880427787
2000222223025
2000999625916
2000999625916
2000762763333
2000989376910
2000999059643
2000999059643
2000989376811
2000762690707
2000761698551
2000762676077
2000130844862
2001880598715
2000761397195
2001880798283
2001880657498
2001880657122
2001880151675
2001880151675
2001880151682
2001880151644
2001880798412
2000989726968
2001880151583
2000762958883
