2001880816451
2001880816475
2001880816437
2000009718331
2000009718331
2001880129698
2001880832819
2001880832840
2001880820267
2001880820267
2001880832833
2000999390463
2001880803086
2001880832826
2001880754012
2001880396793
2001880370229
2001880370243
2001880396779
2001880820151
2001880820151
2001880820106
2001880820106
2001880820649
2001880820649
2001880820410
2001880820410
2000999621123
2000999621123
2001880820021
2000009718294
2000999062872
2000222237817
2000999175008
2001880820038
2000999495885
2000999657450
2000999657450
2000222272252
2001880819575
2001880821066
2000989435860
2000999495786
2000762867444
2000999495854
2001880796623
2001880810794
2001880380389
2000989720638
2001880820274
2000699963881
2001880816574
2001880816611
2001880816628
2001880816901
2001880816642
2001880816697
2001880816345
2001880816635
2001880816352
2001880811173
2001880776175
2001880167010
2001880710490
2001880575174
2001880299537
2001880686917
2001880480492
2001880686917
2001880686924
2001880819728
2001880686917
2001880819711
2001880819735
2001880819711
2001880819735
2001880819728
2001880819988
2001880819964
2001880819957
2001880819971
2001880819988
2001880819957
2001880819957
2001880819964
2001880819971
2001880819988
2001880816406
2001880810664
2001880816949
2001880811197
2001880811180
2001880819872
2001880816246
2001880816789
2001880816772
2001880816123
2001880816192
2001880816581
2001880816468
2001880816468
2001880816369
2001880451744
2000009734751
2000999174971
2000999877483
2000999174988
2001880763571
2000999682186
2000999682186
2001880735462
2001880143083
2001880826283
2000290420821
2001880754029
2001880710537
2001880770470
2001880770470
2001880784972
2001880735479
2001880735479
2000222611402
2000222445267
2000290335859
2000290283112
2000222542669
2000999607844
2000999021473
2000999021473
2000762925564
2000989726555
2000989726555
2000999459436
2000999459429
2001880785764
2000999459443
2001880798214
2001880798207
2001880798221
2001880832130
2000998944742
2000761521255
2000761521255
2000762895577
2000130539553
2000130539553
2000130539553
2000998943578
2001880832635
2000761550255
2001880877568
2001880877551
2001880877551
2001880877568
2001880877568
2001880877551
2000998943578
2000998943578
2000998943578
2000999705304
2000999705236
2000999705243
2000999705250
2000999705236
2000999705243
2000999705243
2000999705250
2000999705250
2000999705236
2000999705243
2001880875700
2001880876196
2000989489221
2001880841347
2000999976025
2000999352102
2001880197079
2001880875700
2000999977435
2000222238449
2000222238449
2000222238449
2000130930046
2000222518770
2000222518770
2000222518770
2000222518770
2000222518770
2000999975998
2000761540140
2000999975998
2000222383361
2000761443496
2000999352126
2000999352102
2000762871373
2000766001677
2000130899176
2000130899176
2001880750205
2001880750205
2001880750229
2001880750236
2001880750236
2001880750229
2001880873577
2001880864407
2001880148279
2001880864407
2001880658303
2001880864384
2001880864391
2001880822230
2000999001703
2001880832253
2001880832062
2001880816833
2000998943820
2000989430391
2000989430391
2000761578266
2000766001677
2001880750151
2001880750151
2001880875724
2001880875724
2001880750168
2001880750168
2001880750168
2001880750151
2001880841323
2000761704313
2000765987842
2000761401670
2000761704313
2000761401670
2000999660030
2000999660023
2000999705144
2000999705144
2000999705144
2000999705144
2000222630946
2000222630922
2000222630922
2000222630922
2000222630946
2000222630946
2001880892356
2001880892363
2001880892332
2001880892349
2001880816840
2000999626678
2001880832628
2001880658457
2001880211447
2000290404104
2000999705304
2000290404111
2001880669019
2001880669019
2000999705250
2000999705236
2000999705243
2001880877568
2000761443496
2001880691614
2001880544873
2001880544866
2001880346606
2001880346590
2001880346613
2001880346569
2000998943820
2000989489221
2000222238449
2000222238449
2000761550248
2000762871373
2000999352126
2001880864384
2000761550255
2000762897458
2001880736230
2001880599545
2000999883231
2000130539553
2000130539553
2000761384959
2001880877568
2000999089527
2001880750212
2001880575808
2000999089527
2001880508523
2000999089527
2000761550248
2000130930046
2001880875670
2001880875687
2001880658143
2001880146435
2000761640499
2001880520464
2001880818660
2001880801020
2001880658136
2001180658136
2000222370033
2000222370033
2001880865466
2001880865480
2001880801167
2001880288722
2001880892387
2001880892394
2001880892288
2000766149096
2001880736988
2001880148293
2001880768705
2001880865473
2001880351877
2001880736230
2000999212093
2001880427398
2001880768705
2000989443681
2001880520365
2001880736209
2000761358752
2001880427428
2001880840593
2001880736209
2001880508578
2001880211454
2001880840616
2000999089534
2000999089534
2000999001703
2000999089541
2000999089541
2000999089558
2001880822230
2000762842496
2001880822230
2000999001796
2001880576584
2001880211416
2001880822247
2001880822247
2001880510656
2001880520433
2000761641557
2000989690795
2001880623707
2001880798368
2001880822247
2001880147920
2001880798153
2000999001796
2000999001796
2001880427398
2001880736988
2000998944742
2000999350283
2000999350283
2000999350269
2000999350269
2001880891977
2001880797996
2000999883002
2000999883231
2001880840623
2000129804501
2000129804501
2000129804501
2000290404111
2000290404111
2001880875717
2001880875717
2001880147364
2001880820274
2001880820274
2001880820281
2001880820281
2001880451744
2001880776021
2001880451744
2001880451744
2001880451744
2001880451744
2001880451744
2001880557675
2000999364068
2001880557644
2001880557682
2001880798733
2001880798733
2001880798733
2001880798733
2001880214097
2000999989728
2000999989728
2000999989742
2000999989797
2000222455648
2000989429920
2000989699835
2000989338574
2001880204517
2000999949265
2000999949265
2000999949265
2000999949265
2001880204579
2001880204579
2001880204548
2001880204500
2001880204562
2001880204500
2001880204555
2001880204531
2001880204548
2001880204555
2001880204562
2000999211935
2000989699811
2000989699842
2000989699828
2000989519836
2000989699798
2000989699804
2000130174518
2000999840210
2000999840210
2000999628498
2000989392040
2000222528168
2001880151743
2000222499321
2000762843790
2000762843790
2000762843790
2000999989810
2000999989735
2000222621753
2000989391975
2000999653018
2000999653131
2000999653131
2000989725992
2000765837437
2000765837420
2000999525827
2000999840227
2000999525704
2000999525698
2001880139086
2001880139093
2001880139093
2001880139086
2000989441977
2000989431763
2000999001185
2000130820514
2000290538601
2000130825939
2000762969360
2000765919881
2000989441953
2001880800450
2000999352324
2000999352324
2000998905163
2000989431671
2000999351730
2001880749391
2000999001246
2000999667718
2000130173979
2000999374241
2000999963162
2000762871717
2000989431756
2001880403972
2000129881441
2000999374234
2000130029849
2000999538773
2001880243226
2001880243226
2001880745560
2001880166495
2000999525933
2000999525919
2000999525919
2000999525933
2000762870956
2000999525940
2000999525940
2000999525926
2000761537423
2000762943605
2000290543162
2000290543162
2000290403558
2000999406768
2000290403558
2000765706658
2000762870925
2000989506294
2000989506294
2000989506287
2000989506287
2000989506287
2001880801631
2001880801624
2001880801600
2000998840174
2000998840174
