2000999062711
2000999459481
2001880785863
2001880810480
2001880461422
2001880166792
2001880770487
2001880193149
2001880698569
2001880461408
2001880698538
2000999972690
2001880166877
2000999178856
2001880186592
2000999179013
2000999179006
2000999178993
2000999884702
2001880833984
2001880788888
2001880337345
2001880156427
2001880833984
2001880883415
2001880710544
2001880883415
2001880654756
2000999178849
2001880710544
2000999846007
2000999846007
2001880586392
2001880863547
2001880863547
2001880879302
2000031797977
2000761616883
2001880810541
2001880820083
2001880820090
2000998927974
2001880855917
2001880855900
2001880855894
2001880855887
2001880855870
2001880776212
2001880662966
2001880676666
2001880662867
2001880662973
2001880811074
2001880811067
2001880811067
2001880811074
2001880802997
2001880513787
2001880763588
2001880638541
2001880638558
2001880157578
2001880166846
2001880879357
2001880879340
2001880826276
2001880499067
2001880135897
2000999467547
2001880370328
2001880889684
2001880638589
2001880889707
2001880889714
2001880820007
2001880735615
2001880698576
2001880816857
2001880816857
2001880816253
2001880816260
2001880816277
2001880811142
2001880811135
2000130056128
2001880816215
2001880816222
2000999884870
2000761700803
2000761700803
2000761700803
2000009739039
2000222346809
2001880883439
2001880883439
2000999178764
2000999385094
2000999178757
2000999178757
2000999813207
2000999813207
2000999175046
2001880867392
2000999372735
2001880286728
2000999048616
2001880820120
2001880820137
2001880820144
2000999884498
2001880669606
2001880783197
2001880893025
2001880893025
2001880893025
2001880879265
2001880879265
2001880879265
2001880879265
2001880893049
2001880893032
2001880575198
2001880783180
2001880669613
2001880785757
2000999459481
2000999459498
2000999010637
2000290524802
2000290524802
2000999363740
2000999010613
2000999477805
2000290304138
2000290304121
2001880892035
2001880892042
2001880798405
2001880798429
2001880891915
2000989372554
2000989372653
2001880892462
2000762763340
2001880598739
2001880598685
2001880598753
2001880798047
2001880785696
2001880169281
2001880386855
2001880386886
2000999705397
2001880463464
2001880169007
2001880669040
2001880785702
2000999705366
2001880669088
2001880669125
2001880386817
2000999705403
2001880244179
2001880244186
2001880244155
2001880244162
2000999705373
2001880669071
2001880386787
2001880386800
2001880386848
2001880386831
2001880669057
2001880168963
2001880168963
2001880169021
2001880785702
2001880669057
2001880386756
2001880463464
2001880669040
2001880386756
2001880169021
2001880244186
2001880785696
2000999950568
2001880169168
2001880386732
2001880386732
2001880386725
2001880386725
2000999950551
2001880669088
2001880669118
2001880169014
2001880244186
2001880244186
2001880386831
2001880386848
2001880386800
2001880169151
2001880169281
2001880386862
2001880386855
2001880169168
2001880169151
2001880386855
2000762959668
2000762959668
2000761550538
2000999211997
2000989691174
2000989467304
2000989339724
2000989339908
2000989339731
2000999525575
2001880199257
2000290534429
2000999084492
2000290534429
2000290534429
2000290534429
2000290534429
2000290534429
2000290534429
2000290534429
2001880199233
2001880403354
2001880832116
2001880747403
2001880800368
2001880768118
2001880832116
2001880747427
2001880800375
2001880403293
2001880747427
2001880747403
2001880832123
2001880832123
2001880403293
2001880832130
2001880831720
2001880472756
2000130032955
2001880800399
2001880747489
2001880747489
2000290534429
2001880575969
2001880575938
2001880575853
2001880575945
2001880576010
2001880575877
2000999875137
2000989441359
2000999001031
2000761599308
2000761599308
2000999351747
2000999350689
2000999351747
2001880832536
2001880800412
2001880708343
2001880840975
2001880800405
2001880736797
2001880736797
2001880840975
2001880736735
2001880800412
2001880146589
2000999350474
2001880147708
2001880736735
2001880840791
2001880736155
2001880840869
2001880840807
2001880708428
2001880840791
2001880736179
2001880840753
2001880840814
2001880873584
2001880751387
2001880751240
2001880751318
2001880751394
2001880834097
2001880751387
2001880834097
2001880751288
2001880751318
2001880834103
2001880751288
2001880751301
2001880834080
2001880751257
2000998905156
2000989538363
2000998905156
2000998905132
2001880742095
2001880832031
2001880742095
2001880782374
2000290465365
2001880747441
2001880747441
2001880768101
2000761527325
2000761527349
2000999350849
2000989431442
2000999350849
2001880800405
2001880800382
2001880800382
2001880147289
2001880736728
2001880768101
2000222383590
2000999350856
2001880403378
2000765962887
2001880800399
2001880832147
2001880832147
2001880832154
2001880768101
2001880408397
2001880782398
2001880747434
2001880747434
2000130922959
2001880793936
2000762896246
2000761448033
2000999059902
2000761391674
2001880151682
2001880798030
2000999875304
2000999177798
2000999177804
2000999177804
2000999177804
2000999665011
2000130373331
