2001880824982
2000761550859
2000999377808
2000999377792
2000999949296
2001880798146
2000766235515
2001880166631
2000999989803
2000999969034
2000765982250
2000765982250
2000999875434
2000989531265
2001880149924
2000290419047
2000130890715
2000999089732
2000290260052
2000989431398
2000989467502
2000989431398
2001880242984
2000999784613
2000998940188
2000766000960
2000761436238
2000290467062
2000999089725
2000999089732
2000989531302
2001880873560
2000290322743
2001880832079
2000290322743
2000222288079
2000999010712
2000999010712
2000999963230
2000989691020
2000999451799
2000999451812
2000999840197
2000989430476
2001880891762
2001880891793
2001880891816
2000989520085
2001880800320
2001880892325
2001880892318
2001880892301
2001880891786
2001880891823
2001880891779
2001880800344
2001880876288
2001880580796
2000999089206
2001880151958
2001880510007
2000290272871
2000290272871
2000999001505
2000222287010
2000761364531
2000761364531
2001880816826
2001880816802
2000130033471
2000761525765
2000999001505
2001880892370
2001880691454
2000999875281
2000999840166
2000765706597
2000999368219
2000999001338
2001880891809
2001880892134
2001880892097
2001880891830
2001880892103
2001880892110
2001880892073
2001880892080
2001880892066
2001880892127
2001880149665
2001880832048
2001880831768
2001880831775
2001880832055
2000989441977
2000989442028
2000762842496
2000989487159
2000766074480
2000130873589
2001880657221
2000765706931
2000998905149
2001880797910
2001880215353
2000989475316
2000989475316
2000999010712
2000999949289
2000761391889
2001880800344
2000222488738
2000222488738
2000989690832
2001880215322
2000999839948
2000999839894
2000999840029
2000999839924
2000999839924
2001880151712
2000999839948
2000766034484
2001880510236
2001880508332
2001880508271
2001880508554
2001880508530
2000766074510
2000766174760
2000766174777
2001880427442
2000999840203
2000999840029
2001880211355
2000999000928
2000290193770
2001880211362
2000989457534
2000766174807
2000766074527
2000766074527
2000766074510
2000766074602
2000766074510
2000999021701
2000766074558
2000766147634
2001880416163
2000999344985
2001880416293
2001880416293
2001880416163
2001880575785
2000999839887
2000999839863
2000999839856
2000999839887
2000999839856
2000766177907
2000999839863
2000999839870
2001880138683
2000999839894
2000989467502
2000761562562
2000766070307
2000999525773
2000130033471
2000999525759
2001880416064
2000999211935
2001880416088
2000766147641
2001880575792
2001880575808
2001880840609
2001880840609
2000998871000
2000989339953
2000999211966
2000999525711
2000998871000
2000999211935
2000999211959
2000999211966
2000999211966
2000989431688
2000989674238
2000999839825
2000999839788
2000999839832
2000999839764
2000999348129
2000999646430
2000999839764
2000999839849
2000999839832
2000999839801
2000999839757
2000999839788
2000999839795
2000999839849
2000999839795
2000999839801
2000999839825
2000999839818
2000130468334
2000999374487
2000766070864
2000999094620
2000999021701
2000761369024
2000766174746
2001880415975
2001880463495
2001880416095
2001880416095
2000989699552
2000761369024
2000766235638
2000766074503
2000766074596
2000766074589
2000766235638
2000766074589
2000766235638
2000766074558
2000766074527
2000222235684
2000222235684
2000766074503
2000766074497
2000766235638
2000766074503
2000766074480
2000766074596
2000766074503
2000766235515
2000766074497
2000989457534
2000766174807
2000766074596
2000766074497
2000999525728
2000989339946
2000989339953
2000989339946
2000989691105
2000989339946
2000989339953
2000989691105
2000989691105
2000989339953
2000989339953
2000989320173
2000766034514
2000130174440
2001880195365
2001880195365
2001880195426
2001880195372
2001880147722
2000989322863
2000761400932
2000999846724
2001880166464
2000999374555
2000761693556
2000999846724
2001880204524
2001880204524
2001880204524
2001880204517
2001880204517
2000999949265
2000999949265
2001880204531
2001880204531
2000998974190
2000999374449
2001880204531
2001880365898
2000999348150
2000766035351
2000766035351
2000761578365
2001880387241
2001880387241
2001880387241
2001880509971
2000999989797
2000999949272
2000999949272
2001880509964
2001880743290
2000999001178
2000766174760
2000762677197
2000999840197
2000999059865
2001880864841
2001880747243
2000290279641
2001880484056
2000222349060
2000766011423
2001880484001
2001880782473
2000999267826
2000222470153
2000999966743
2001880892509
2001880578755
2001880578953
2001880578885
2001880406157
2001880178221
2000761646330
2001880178122
2001880149207
2001880865428
2000766011423
2001880578946
2001880892493
2001880865404
2001880837081
2001880743856
2001880199158
2001880841149
2001880751141
2001880751141
2001880751134
2001880751134
2001880751134
2001880751134
2001880801471
2000130899152
2000761429780
2000761415844
2000222360539
2000999053146
2000999524479
2001880196508
2001880178061
2000989442660
2000989442660
2001880449284
2001880154676
2001880154690
2001880154522
2001880154591
2000761445001
2000761445018
2000766134016
2000762834118
2000761445001
2001880154652
2001880550560
2001880550560
2001880154621
2001880154133
2001880154188
2001880154133
2001880154195
2001880154171
2000130310817
2000130310817
2000130310817
2000130310817
2000130310831
2000762983205
2000130310794
2000130310794
2000130065878
2000130310817
2000130310817
2000130065878
2000130310794
2000222448381
2000222448381
2000290265392
