2000999667282
2000130761770
2000130761770
2001880599767
2000290250411
2000999525513
2001880749490
2001880690518
2000999965586
2001880654459
2001880557088
2001880535239
2001880381508
2001880146800
2000999978487
2001880168550
2000222385822
2000989467472
2001880651397
2000765962863
2001880651403
2001880168550
2000999107337
2000999107337
2000765874272
2001880510830
2000762874473
2000989429982
2000999977190
2001880502842
2001880690495
2001880149870
2001880690495
2000999965616
2000999667787
2000765982243
2000761568915
2000999965579
2000989340058
2001880194979
2001880150463
2001880149856
2001880557033
2000130634449
2000130634449
2000999001000
2000999624049
2000999624049
2000130927527
2001880749414
2001880651380
2001880403675
2000999117817
2001880690501
2001880798122
2001880508424
2001880691430
2001880149771
2000999275081
2000761356253
2000999628481
2000989451457
2000999210143
2000765690971
2000989691211
2000999000836
2001880508462
2000999883019
2000999627439
2000999447006
2001880149511
2001880768477
2000222239040
2000999271236
2000999542398
2001880147777
2001880194986
2000999271236
2000222488646
2000762978041
2001880690501
2000765843001
2000765976976
2000999059636
2000999059636
2000999059605
2000999059612
2000999059629
2000999059629
2001880146978
2000989339823
2001880149863
2000999049323
2001880147029
2000999173479
2000999840111
2001880747496
2001880768088
2000130214849
2000999118708
2000222239040
2000761578266
2000999667787
2000009637618
2000761599780
2001880149535
2001880147456
2000999525513
2001880147036
2000130515656
2001880151965
2001880408397
2001880768071
2001880768095
2001880150227
2001880150210
2000999977268
2001880503023
2000999626043
2001880149856
2001880147135
2000999465734
2000999977190
2001880150449
2001880502842
2001880457623
2001880457623
2000989691235
2001880149788
2000130041629
2000989694410
2000999839931
2000222499307
2001880150227
2001880790126
2001880768095
2001880768095
2000761598868
2001880749520
2001880609398
2001880747533
2001880831942
2001880800429
2000222494975
2000290206203
2001880800429
2001880800429
2001880146473
2000999126659
2001880831928
2001880768088
2001880150463
2001880749414
2000766003763
2000999641831
2001880892189
2001880892479
2001880892486
2000999986116
2001880691706
2001880510014
2001880798016
2001880798115
2001880798139
2001880510809
2001880892295
2001880797903
2001880892004
2001880891991
2001880892196
2000989467472
2000766177983
2000762958739
2000989441632
2000989691181
2000290535990
2000999978234
2001880735929
2001880801723
2001880875922
2000009637458
2001880194979
2001880365188
2001880768125
2001880768125
2000989441595
2000999465734
2001880149894
2000130885971
2000999883149
2000761583574
2000130855066
2000762852242
2000999883132
2000999353673
2000999965593
2001880365034
2000999841804
2001880242991
2001880242991
2000130511368
2001880379932
2000765987828
2000999883125
2000999883125
2000999626074
2000130745572
2001880651410
2000999010705
2000766175620
2001880671715
2001880671708
2000999406799
2000765977065
2000999211973
2001880751301
2000999669569
2000999466304
2001880146473
2000999883149
2000222499307
2001880598388
2000999406591
2000999406591
2000999406607
2000989457527
2000989457503
2001880457654
2000765874265
2000765874289
2000766071359
2000999669569
2000999669569
2000999883149
2000999669569
2000999978203
2000989457466
2000989457459
2000999212086
2000999212086
2000999211973
2000999211973
2000999211973
2000999653407
2000999653391
2001880150364
2001880427459
2001880427459
2000222643885
2000999977251
2001880557071
2000999212154
2000989467380
2000999212154
2000999212154
2000999212154
2000999212079
2001880150418
2000130737386
2001880147760
2001880598395
2000999211980
2000130464633
2000999211980
2000999211980
2000999211942
2000999212079
2000999212079
2000999212079
2000999212079
2000999212079
2000999211980
2000999211980
2000999211942
2000999211942
2000009672961
2000999525520
2000999525537
2000130464633
2000999873829
2000989336921
2000999255175
2000989457527
2001880168567
2000762751187
2001880598395
2001880665806
2000999255168
2000130280882
2000999978210
2001880598388
2001880598388
2000999653377
2000999212086
2001880840845
2001880840760
2000130750163
2000762895546
2001880576478
2001880147005
2001880557026
2001880716775
2001880583353
2000290534436
2001880716799
2001880138638
2000998943790
2001880650925
2001880650925
2000999212154
2001880139178
2001880139178
2001880138843
2000290206227
2000999173479
2000766000977
2001880557026
2001880768088
2000130514550
2001880557095
2000989720485
2000999275098
2000999010750
2001880427305
2001880671692
2001880671371
2001880671593
2001880671609
2001880671616
2000989430148
2000009637472
2001880535833
2000765690971
2001880651380
2001880609039
2000130865669
2001880840845
2001880840852
2001880840852
2001880840746
2001880840838
2001880457661
2001880840821
2001880840746
2001880457661
2000999406607
2000999406607
2000130214856
2000130280868
2000989720485
2000762841550
2001880672200
2000989699682
2000999673238
2001880671388
2001880671357
2001880671364
2001880139130
2000765843001
2000765843018
2001880551321
2001880146411
2001880147159
2001880146411
2001880468865
2001880146411
2001880146473
2001880146473
2000762897649
2000999977275
2000761568908
2000766178010
2000998943783
2000989441694
2001880551338
2000766235508
2001880146473
2000766137369
2000989430070
2000765957487
2000761659408
2000761356437
2000989340058
2000999626050
2000989691280
2000999059889
2000129763334
2000999466304
2000989340058
2001880138904
2000130280882
2000989339847
2000999466304
2000999978272
2000989340058
2000762897649
2000765976969
2000989340058
2000009636086
2000762895546
2000009503494
2000762895546
2000009636086
2000999016578
2000989340058
2001880650918
2000761357076
2000999978203
2000999978470
2000999016585
2000999059872
2000999059889
2000989691280
2000999978210
2000999089121
2000009503494
2000999626050
2000130018492
2000999048951
2001880575518
2001880840784
2001880840784
2000999976124
2000989691235
2001880139161
2001880575761
2000999667800
2000130048062
2000999475009
2000999475009
2000999667794
2000766038000
2000999667770
2001880150388
2000290363173
2000762871229
2000999839979
2001880138850
2000999089114
2000999089114
2000761525222
2000989691303
2000989691273
2001880138904
2001880138904
2000989691273
2001880139178
2000999950568
2000761669254
2000761525222
2000989691198
2000290191233
2001880138850
2000999839986
2000999839986
2000989691273
2000762751613
2000130023137
2001880146671
2000290193794
2000989340065
2000130148038
2000762841659
2000762762831
2000761356253
2000766000984
2000999963339
2000999538469
2000762751606
2000762751606
2000130678962
2000130906225
2000999010699
2000999211942
2001880650901
2000999211942
2000290206210
2000290193794
2000999211980
2000762959514
2000998943790
2000290206210
2000130906225
2001880146671
2001880139161
2000765922386
2001880797927
2001880798177
2001880798269
2001880798313
2001880798290
2001880837944
2001880837968
2001880457654
2001880557255
2001880139130
2000761407207
2001880195822
2001880427961
2000999353154
2001880195822
2000999976100
2000999977183
2000290191233
2000765957395
2001880834035
2001880834035
2001880834035
2001880834059
2000130280370
2000999950551
2000761354723
2000999252990
2000222630670
2000999705267
2000761354747
2000761354730
2000222630700
2000761354723
2000222630670
2000999705267
2000222630700
2000999950568
2000761354716
2000761354716
2000290191257
2000761431646
2000761431653
2000999352393
2001880519918
2001880519932
2000999211355
2001880519888
2001880519888
2001880519970
2000999211300
2000999211133
2000999211270
2000999211126
2000999211294
2000999211300
2001880519949
2001880519970
2001880519864
2000999211287
2000999211249
2000999211324
2000999211324
2001880519901
2001880519963
2001880519963
2001880519956
2001880519949
2000999211270
2000130478289
2001880716799
2001880716799
2001880716782
2001880716782
2001880716782
2000129893925
2000761575180
2000761575180
2000762910072
2000009637472
2000989336969
2000989336969
2000989336952
2000009637472
2000222630625
2000222630649
2000222630649
2000222630625
2000222630625
2000222630595
2000222630595
2000222630663
2000222630601
2000222630663
2000222630595
2000222630649
2000222630625
2000222630601
2000761431448
2000761431462
2000761431462
2000761431523
2000761431479
2000761431479
2000761431479
2000761431448
2000761431516
2000761431516
2000761431523
2000761431516
2000761431523
2000761588357
2000130280899
2000130280851
2000999950551
2001880834059
2001880834066
2001880365034
2000999538483
2000761356406
2001880834066
2000130919966
2000130280387
2000999975967
2000130280363
2000130280882
2000130280882
2000999975967
2000765957418
2000989519294
2000761431448
2000761431523
2000761431523
2001880463525
2000761431462
2000761431479
2000761431516
2000761431462
2000761431523
2001880557057
2001880557057
2000999965456
2000999459382
2001880834042
2000761431677
2001880834042
2000761431677
2000999459405
2001880386725
2000290191233
2001880386725
2000999252990
2000999538483
2001880386732
2000290191233
2001880365027
2000222630618
2001880557064
2001880840760
2000761431653
2000999252990
2000999950568
2000999538483
2000765957487
2000765957487
2001880609343
2000999352898
2000999352904
2000999352898
2000129893925
2001880716768
2000761465634
2000009636130
2000765978208
2000009636130
2000999646997
2000009637625
2000009637489
2000999255021
2000761465634
2000761465603
2000989562450
2000130280868
2000130280868
2000130280868
2001880716775
2001880736308
2000999963070
2001880403675
2001880798009
2001880797965
2001880798023
2001880745225
2001880832024
2001880749643
2001880745232
2001880196065
2000999624070
2000765797472
2001880892424
2001880892431
2001880892448
2001880892165
2001880892172
2001880892455
2001880802393
2000129804167
2000129804167
2000222346809
2000222346809
2000222346809
2000009739039
2000009739039
2000009739039
2000009739039
2000009739039
2000009739039
2000009739039
2000009712223
2000222384207
2001880575815
2001880416071
2001880365188
2001880768149
2001880802393
2001880802393
2001880802393
2001880802393
2001880802393
2000989430186
2000999209161
2001880147005
2001880768149
2001880891984
2000009637571
2000130906218
2001880875618
2001880875618
2000009637571
2000009637625
2000290345544
2000222384207
2001880832093
2000765982229
2000999625985
2001880408403
2000999368202
2000999625237
2001880749476
2001880768576
2001880747816
2000999627439
2001880427336
2000999368226
2000989509684
2001880427336
2001880831935
2000009637557
2001880797880
2001880797897
2000009637458
2000999977312
2000290273052
2001880352157
2000999966873
2000999627439
2000989700067
2000765978994
2000999646553
2000130215327
2001880797958
2000762959422
2000989479192
2000989479192
2001880840838
2000999271847
2000999059650
2000999059650
2000766162538
2001880434778
2000762978379
2001880408410
2001880147449
2000130215327
2000999627439
2001880801648
2001880138621
2000999049156
2000998851651
2000999049323
2001880472787
2000989672074
2000999977084
2000999057731
2000761627537
2000761525734
2000999002441
2000765919539
2000765919539
2000999090783
2000222616629
2001880846854
2000989711810
2000762917965
2000222371184
2000762949430
2001880165665
2001880165665
2001880575822
2000999801556
2000998973568
2001880416200
2001880575495
2001880598517
2000222281384
2001880832475
2000222618890
2001880416194
2000999176708
2000989467618
2000989467618
2000989467595
2000998871024
2000998871031
2000989728863
2000999839726
2000999839733
2001880598517
2000766177792
2000130563251
2000130222530
2000998924416
2000999090783
2000766177792
2000989467601
2000989467588
2000989467601
2000130563251
2000765976884
2000765843872
2000130043814
2000999109843
2000130044965
2000998940195
2000222539072
2000222622583
2000222622583
2000998846534
2000761550309
2001880575488
2000290388527
2001880801655
2000999176708
2000999977091
2001880195013
2000999275326
2001880575495
2000998870904
2001880416200
2000765976877
2000765976990
2000766177808
2000765976945
2000766177815
2000989339663
2001880575747
2000989339663
2001880214172
2001880214172
2001880575488
2000998871031
2000998924416
2000290185201
2000998871024
2000130901640
2000222270876
2000222287690
2000130873633
2000222489674
2000130840611
2000989320401
2000998852566
2000998852542
2000999048968
2000762832626
2000765987712
2000998852535
2000998852566
2000999048982
2000762832633
2000762859814
2000999048982
2000999048982
2000762832626
2000762859814
2000999048975
2000762859807
2000129865076
2001880146466
2001880416118
2001880416187
2001880151316
2000999211973
2000999182785
2001880747915
2001880743818
2001880891908
2000999059872
2000999840272
2001880416026
2000999840289
2001880139192
2000999839962
2001880416255
2000766162538
2000999978470
2001880245619
2001880186844
2001880709036
2000999525810
2000989445913
2000999641916
2000999641916
2000999641916
2000989691327
2000989340089
2000989691334
2000999182716
2000999002199
2000999002168
2000999002168
2000222647883
2001880147906
